-499824041 500100167 -499892750 500110667 -499900833 500098084 -499905875 500143250 -499895417 500093792 
-499905500 500101375 -499856334 500100666 -499889583 500103916 -499894291 500109042 -499899250 500101125 
-499899125 500097541 -499895583 500104208 -499893042 500113917 -499889625 500110750 -499892625 500103542 
-499899041 500112500 -499894917 500117500 -499888042 500103250 -499890000 500108459 -499896500 500106667 
-499860000 500102292 -499887875 500103292 -499894166 500114459 -499898709 500109208 -499890750 500107584 
-499908124 500093542 -499899833 500112875 -499850167 500094792 -499904625 500105083 -499892625 500106083 
-499894208 500107625 -499890750 500101792 -499890167 500107167 -499876583 500138501 -499884584 500110875 
-499891042 500110000 -499884833 500102750 -499898542 500101792 -499895917 500112000 -499898708 500101666 
-499891167 500104833 -499901792 500100584 -499900167 500101750 -499898416 500107417 -499898042 500099334 
-499898208 500108500 -499894333 500106917 -499889291 500104875 -499902167 500103208 -499904209 500101917 
-499887167 500086500 -499894500 500106000 -499891708 500100708 -499899083 500104417 -499886542 500103625 
-499903125 500102042 -499897959 500109791 -499885834 500100875 -499895208 500112834 -499898000 500100375 
-499899625 500099000 -499891500 500141375 -499891375 500105375 -499892291 500111542 -499890583 500103875 
-499902625 500102083 -499898250 500094709 -499898374 500102750 -499885042 500114708 -499899750 500096250 
-499894083 500100375 -499909875 500086125 -499912917 500095334 -499886792 500095750 -499907083 500114792 
-499892083 500120125 -499894459 500104667 -499891708 500146416 -499899541 500111167 -499893125 500105041 
-499901542 500101583 -499897874 500121875 -499868125 500100625 -499899583 500107167 -499885209 500103916 
-499891250 500102917 -499900208 500100458 -499895250 500104000 -499896208 500113125 -499888458 500108500 
-499894083 500096458 -499890417 500107541 -499899791 500101333 -499900375 500140167 -499895458 500097334 
-499897666 500111916 -499898750 500095250 -499890667 500108000 -499885875 500179833 -499884708 500099541 
-499898166 500110334 -499902291 500110208 -499896000 500114042 -499903750 500108250 -499893333 500103667 
-499901292 500100042 -499889708 500106959 -499878125 500106125 -499901125 500109084 -499890917 500104959 
-499898834 500100250 -499896250 500123584 -499883125 500105542 -499894334 500106709 -499888416 500113501 
-499897625 500098583 -499895334 500100917 -499897500 500100041 -499899917 500115459 -499889792 500098834 
-499903666 500101792 -499890084 500102917 -499899875 500110000 -499890917 500115375 -499896042 500109000 
-499891042 500101501 -499893500 500102209 -499894500 500101292 -499866583 500111417 -499897834 500106709 
-499891292 500104500 -499897083 500099917 -499900042 500104541 -499896625 500110042 -499893083 500111458 
-499895167 500103583 -499898708 500100126 -499890750 500145291 -499904042 500105666 -499889708 500103667 
-499900166 500094791 -499904416 500540708 -499877875 500097917 -499902583 500101917 -499891667 500108041 
-499895083 500101750 -499881833 500106042 -499896875 500099583 -499899458 500123916 -499892125 500100667 
-499889208 500102751 -499889125 500106250 -499895083 500103083 -499890833 500115583 -499896833 500105958 
-499890000 500111500 -499898042 500103083 -499894458 500112666 -499896500 500107875 -499893125 500132500 
-499876375 500109916 -499889000 500113000 -499896166 500100541 -499900167 500104958 -499896583 500108167 
-499888083 500097208 -499903208 500105083 -499883500 500104751 -499904958 500118292 -499888875 500104250 
-499900000 500102667 -499894833 500099625 -499872959 500107750 -499897750 500109583 -499896500 500103625 
-499900208 500106584 -499887250 500110875 -499898917 500108000 -499898416 500118917 -499893958 500101834 
-499899958 500112292 -499896625 500100376 -499900917 500097916 -499890125 500114167 -499900541 500095291 
-499901875 500106167 -499901084 500101792 -499901833 500104208 -499897417 500097792 -499902708 500093458 
-499899500 500105042 -499946958 500094250 -499894667 500102959 -499898833 500098125 -499888416 500108209 
-499890292 500099167 -499893875 500103750 -499881625 500103708 -499900833 500105667 -499892916 500161416 
-499895125 500102625 -499895208 500101625 -499873084 500108125 -499897958 500111209 -499895375 500106000 
-499887833 500107125 -499892833 500104626 -499897250 500099250 -499899417 500155167 -499867292 500103292 
-499889500 500111291 -499877375 500104917 -499898166 500100042 -499895125 500117833 -499892833 500099834 
-499901083 500108958 -499903834 500106000 -499897916 500105042 -499850042 500100625 -499902459 500088292 
-499866875 500103375 -499889250 500111292 -499889583 500099750 -499899708 500116000 -499887792 500109667 
-499892875 500102542 -499900166 500114958 -499879375 500102125 -499898084 500103875 -499888125 500101750 
-499899334 500102834 -499900166 500100250 -499885958 500115875 -499893584 500113083 -499888917 500100167 
-499899166 500100458 -499899042 500107333 -499897499 500106791 -499881583 500111834 -499903791 500095959 
-499904249 500104417 -499893167 500094958 -499897458 500096500 -499889250 500112750 -499891042 500102500 
-499891750 500102001 -499899625 500101333 -499885709 500107417 -499891625 500105542 -499893250 500103708 
-499895542 500101750 -499897666 500100333 -499894084 500107541 -499899834 500109541 -499887167 500108958 
-499841666 500103792 -499891875 500106458 -499888333 500101708 -499897459 500108500 -499893791 500110500 
-499894416 500102625 -499896084 500110250 -499902041 500109000 -499898208 500117000 -499891542 500091500 
-499891708 500104292 -499895667 500155500 -499888208 500096417 -499798916 500142208 -499901166 500096250 
-499897208 500108292 -499896958 500106458 -499892167 500100959 -499896000 500108042 -499894375 500100125 
-499896333 500118625 -499893125 500112709 -499898417 500108208 -499889250 500108792 -499892833 500114083 
-499845708 500111416 -499887958 500115208 -499887417 500102583 -499892333 500109375 -499892500 500102583 
-499898042 500092125 -499894667 500108917 -499877542 500120500 -499886834 500109042 -499885917 500098333 
-499899875 500098042 -499895750 500099125 -499892583 500100375 -499889624 500115709 -499891959 500097417 
-499901750 500099916 -499896917 500104042 -499899125 500108834 -499887959 500144208 -499896083 500102417 
-499897542 500135459 -499890792 500095708 -499896667 500105084 -499885458 500109875 -499898541 500106917 
-499895042 500141250 -499901750 500096541 -499897500 500103041 -499894833 500110666 -499893291 500107041 
-499897500 500094458 -499903625 500093000 -499899667 500103292 -499912208 500094375 -499882500 500104542 
-499909625 500086000 -499911625 500101500 -499857000 500097083 -499897249 500106208 -499887584 500112666 
-499899041 500101541 -499891208 500102000 -499897542 500104625 -499886625 500124458 -499875250 500105083 
-499890583 500111584 -499892500 500102583 -499898125 500101583 -499894458 500162625 -499895458 500103459 
-499889333 500110416 -499902042 500101375 -499891125 500108791 -499895417 500106042 -499890417 500102167 
-499900291 500111291 -499894542 500103584 -499897375 500098875 -499899167 500105875 -499895875 500108500 
-499895417 500095750 -499899542 500113292 -499879750 500110291 -499901750 500100959 -499890958 500106209 
-499894792 500104500 -499900249 500114542 -499876167 500101666 -499885875 500104834 -499890666 500104583 
-499905833 500099833 -499895750 500136375 -499886458 500108042 -499897958 500109334 -499885208 -499892500 
500104417 -499904916 500139625 -499899750 500101166 -499891916 500108750 -499857417 500107416 -499896667 
500102125 -499898125 500105250 -499900750 500098791 -499896541 500110751 -499829625 500105167 -499897583 
500103000 -499856999 500094041 -499902791 500103250 -499856209 500099208 -499812625 500100333 -499890334 
500109000 -499890209 500102791 -499897292 500097333 -499897917 500101042 -499907917 500111959 -499894042 
500106500 -499894333 500100209 -499889333 500105583 -499882417 500102084 -499888542 500105042 -499889708 
500106000 -499895625 500100416 -499894834 500116000 -499882667 500102750 -499877709 500107958 -499899500 
500110083 -499879333 500110167 -499898958 500104000 -499902458 500099000 -499889625 500104792 -499897542 
500112042 -499887041 500099209 -499891500 500099167 -499897583 500102000 -499901041 500095250 -499894833 
500104166 -499885542 500109458 -499902333 500104750 -499897000 500100333 -499893375 500105251 -499897750 
500102292 -499883208 500112417 -499890708 500098459 -499898125 500100167 -499895667 500112333 -499890667 
500099459 -499892583 500105875 -499887666 500109250 -499896458 500099875 -499886334 500099333 -499896834 
500103959 -499896708 500098625 -499894708 500106750 -499895208 500109833 -499309333 500117666 -499888708 
500101166 -499890834 500119709 -499906041 500110166 -499884417 500108250 -499896458 500100042 -499905250 
500108542 -499892333 500102458 -499880500 500125917 -499891084 500158417 -499889208 500105125 -499895041 
500106750 -499898250 500100667 -499899542 500115792 -499896416 500095958 -499892584 500104333 -499897208 
500104625 -499900458 500103750 -499893709 500107125 -499903834 500096542 -499894583 500115250 -499894333 
500100042 -499901333 500111958 -499847167 500095375 -499905291 500095041 -499886208 500109333 -499902083 
500093000 -499892625 500101417 -499904542 500089458 -499908333 500103625 -499887125 500113126 -499892834 
500111667 -499886292 500103791 -499896333 500101709 -499892792 500101917 -499894208 500105375 -499895750 
500104042 -499888000 500104458 -499897500 500109333 -499895833 500155584 -499893291 500105250 -499895000 
500149501 -499899750 500108875 -499892458 500109500 -499898375 500102167 -499895084 500153708 -499899125 
500100166 -499900541 500109625 -499875417 500116209 -499902750 500099166 -499892416 500112083 -499895584 
500095500 -499904125 500130250 -499892458 500113500 -499895416 500099709 -499888125 500109917 -499897541 
500102375 -499900875 500104041 -499886333 500105709 -499891083 500112458 -499891709 500119167 -499890958 
500105875 -499897292 500107000 -499897417 500104459 -499886208 500111334 -499889542 500106292 -499893375 
500100000 -499844041 500095959 -499897333 500139083 -499877500 500104875 -499889291 500108375 -499895583 
500108833 -499908541 500100042 -499893958 500111709 -499849416 500107917 -499901124 500115250 -499893250 
500146750 -499905375 500094916 -499892499 500099458 -499886875 500105583 -499888625 500111542 -499891792 
500105042 -499896166 500109208 -499891916 500104667 -499897000 500104959 -499890500 500110209 -499900417 
