0|1|3
0|2|27
0|4|92
0|6|51
0|7|81
0|11|71
0|14|54
0|19|97
0|20|67
0|23|59
0|27|90
0|32|48
0|39|36
0|41|9
0|42|13
0|43|81
0|44|64
0|45|3
0|49|89
0|53|39
0|54|75
0|55|5
0|56|65
0|61|47
0|65|69
0|68|95
0|69|31
0|71|49
0|72|45
0|73|65
0|74|57
0|80|89
0|82|2
0|83|93
0|85|87
0|86|5
0|88|24
0|90|23
0|91|2
0|93|49
0|94|39
0|95|79
0|96|89
0|99|69
0|102|94
0|108|79
0|111|25
0|113|84
0|115|42
0|116|61
0|118|69
0|119|79
0|122|98
0|126|61
0|128|78
0|130|15
0|131|69
0|132|58
0|133|39
0|135|7
0|136|4
0|137|61
0|138|58
0|139|77
0|140|82
0|142|14
0|144|71
0|145|62
0|146|48
0|150|9
0|152|92
0|153|87
0|154|82
0|155|1
0|156|14
0|157|53
0|158|33
0|159|32
0|161|71
0|164|28
0|165|39
0|167|51
0|169|84
0|171|84
0|173|81
1|3|88
1|7|50
1|8|39
1|9|68
1|12|14
1|14|79
1|16|32
1|17|75
1|20|50
1|23|15
1|29|42
1|32|42
1|34|84
1|36|47
1|37|66
1|38|95
1|40|19
1|43|32
1|47|61
1|48|85
1|50|19
1|51|11
1|52|29
1|55|3
1|60|65
1|62|20
1|64|17
1|66|71
1|69|62
1|71|16
1|72|25
1|75|17
1|76|77
1|77|84
1|80|60
1|81|18
1|82|83
1|84|24
1|85|62
1|87|33
1|95|53
1|101|91
1|102|69
1|103|57
1|105|61
1|106|49
1|108|98
1|110|51
1|111|57
1|112|52
1|113|84
1|114|31
1|115|45
1|116|9
1|118|83
1|119|58
1|120|54
1|121|42
1|122|1
1|127|93
1|131|6
1|132|79
1|134|22
1|135|82
1|137|87
1|141|95
1|142|100
1|144|51
1|145|87
1|146|92
1|147|49
1|149|89
1|151|17
1|154|45
1|155|90
1|159|63
1|160|99
1|161|92
1|162|86
1|164|75
1|165|29
1|166|64
1|167|55
1|169|20
1|171|99
1|172|94
1|173|93
1|174|7
2|3|20
2|5|41
2|7|98
2|9|92
2|10|98
2|14|69
2|16|96
2|18|94
2|19|80
2|20|80
2|22|65
2|25|30
2|26|51
2|28|19
2|29|28
2|31|93
2|33|85
2|36|76
2|40|75
2|41|23
2|42|100
2|43|96
2|44|33
2|46|85
2|49|51
2|53|100
2|54|80
2|56|15
2|60|60
2|62|42
2|63|98
2|67|69
2|69|89
2|72|56
2|75|33
2|76|64
2|77|27
2|78|2
2|81|1
2|83|22
2|85|73
2|86|31
2|87|56
2|88|44
2|89|12
2|90|88
2|95|64
2|96|39
2|97|76
2|99|77
2|100|33
2|103|17
2|104|58
2|106|75
2|109|53
2|110|67
2|113|46
2|114|55
2|115|79
2|116|48
2|120|5
2|121|61
2|123|26
2|124|22
2|125|74
2|128|14
2|131|16
2|132|21
2|133|4
2|137|9
2|139|97
2|140|40
2|142|14
2|143|87
2|147|100
2|150|28
2|151|10
2|153|59
2|154|13
2|157|45
2|158|46
2|160|44
2|161|11
2|162|14
2|163|20
2|171|61
2|172|62
3|4|38
3|8|84
3|9|70
3|11|23
3|12|99
3|13|70
3|14|83
3|17|85
3|18|25
3|19|29
3|20|51
3|25|21
3|27|8
3|28|69
3|31|95
3|33|16
3|36|96
3|37|55
3|39|44
3|40|16
3|41|70
3|42|67
3|44|89
3|47|37
3|49|47
3|50|99
3|51|90
3|52|2
3|56|44
3|57|21
3|58|50
3|59|21
3|61|71
3|62|14
3|65|11
3|66|71
3|69|93
3|70|17
3|72|59
3|73|97
3|74|16
3|77|58
3|80|41
3|81|14
3|84|51
3|85|78
3|91|46
3|93|25
3|99|49
3|100|23
3|101|38
3|106|88
3|107|10
3|109|48
3|112|24
3|114|54
3|116|1
3|118|11
3|119|1
3|122|66
3|123|18
3|124|22
3|126|71
3|127|87
3|128|95
3|129|29
3|130|85
3|132|22
3|136|66
3|137|35
3|138|64
3|142|59
3|144|7
3|145|4
3|149|32
3|151|28
3|152|82
3|154|81
3|156|48
3|158|34
3|159|92
3|162|23
3|167|78
3|168|66
3|171|80
3|174|56
4|5|41
4|6|64
4|7|29
4|8|44
4|9|80
4|10|10
4|11|39
4|14|15
4|15|37
4|18|55
4|20|27
4|22|55
4|23|53
4|25|39
4|26|99
4|28|28
4|29|64
4|34|51
4|36|14
4|39|2
4|41|12
4|44|3
4|48|37
4|54|14
4|56|94
4|57|78
4|59|78
4|65|64
4|70|92
4|72|89
4|73|39
4|74|25
4|75|20
4|76|48
4|78|49
4|79|16
4|85|90
4|86|69
4|89|91
4|92|93
4|94|93
4|98|96
4|100|71
4|101|15
4|102|26
4|104|62
4|105|47
4|106|15
4|107|82
4|108|34
4|109|37
4|110|82
4|112|94
4|113|36
4|118|11
4|121|99
4|125|19
4|127|2
4|129|15
4|131|93
4|132|38
4|133|76
4|135|4
4|140|87
4|141|80
4|142|96
4|143|88
4|144|81
4|146|32
4|149|14
4|150|41
4|154|53
4|157|9
4|160|70
4|162|16
4|163|11
4|164|89
4|166|85
4|169|77
4|174|37
5|8|37
5|10|54
5|14|18
5|21|62
5|25|99
5|28|96
5|30|23
5|33|10
5|36|98
5|40|10
5|42|43
5|43|78
5|44|53
5|45|89
5|46|15
5|48|8
5|51|63
5|52|46
5|55|5
5|56|66
5|59|62
5|68|90
5|71|30
5|73|20
5|74|31
5|75|76
5|79|63
5|81|25
5|84|65
5|85|58
5|86|45
5|87|78
5|92|91
5|93|80
5|94|73
5|95|81
5|97|7
5|100|27
5|101|22
5|102|50
5|104|14
5|107|52
5|108|2
5|110|72
5|111|12
5|115|60
5|117|78
5|118|60
5|119|26
5|120|54
5|121|75
5|123|3
5|124|97
5|125|88
5|128|91
5|134|57
5|136|17
5|137|17
5|139|17
5|141|2
5|142|39
5|144|13
5|145|34
5|146|46
5|148|50
5|150|22
5|151|26
5|152|68
5|157|31
5|158|23
5|161|33
5|164|27
5|165|43
5|166|80
5|168|71
5|169|65
5|171|10
5|172|22
6|11|76
6|13|70
6|18|21
6|20|56
6|23|78
6|24|40
6|29|25
6|31|48
6|33|3
6|35|73
6|36|68
6|37|95
6|39|54
6|40|25
6|43|88
6|44|25
6|45|18
6|46|34
6|49|62
6|50|34
6|54|44
6|58|39
6|59|71
6|61|61
6|65|47
6|66|93
6|67|76
6|70|25
6|71|58
6|73|96
6|76|34
6|79|42
6|81|5
6|83|38
6|85|51
6|86|41
6|87|6
6|91|40
6|92|47
6|100|78
6|102|63
6|103|33
6|104|40
6|106|41
6|107|69
6|108|62
6|111|26
6|112|50
6|113|38
6|115|34
6|118|79
6|120|7
6|122|81
6|123|41
6|124|57
6|126|17
6|127|20
6|128|91
6|129|41
6|130|67
6|131|87
6|132|63
6|134|16
6|141|24
6|142|31
6|143|91
6|144|73
6|147|9
6|148|23
6|149|20
6|150|54
6|151|41
6|152|21
6|154|43
6|158|44
6|159|8
6|163|2
6|164|73
6|165|85
6|166|43
6|170|27
6|172|88
7|9|51
7|10|29
7|11|83
7|12|43
7|14|20
7|15|27
7|16|41
7|17|6
7|18|82
7|20|100
7|24|59
7|25|24
7|27|63
7|28|62
7|31|77
7|33|69
7|34|4
7|35|97
7|41|9
7|42|2
7|44|82
7|47|60
7|49|23
7|50|96
7|51|60
7|52|27
7|54|28
7|55|45
7|56|76
7|57|4
7|58|13
7|61|79
7|62|65
7|63|94
7|64|42
7|66|85
7|67|39
7|68|91
7|70|83
7|71|7
7|74|60
7|78|18
7|81|31
7|82|56
7|83|91
7|85|41
7|86|75
7|90|21
7|93|76
7|94|21
7|98|92
7|100|53
7|101|100
7|103|19
7|105|76
7|106|12
7|107|82
7|108|24
7|110|28
7|113|89
7|114|71
7|117|73
7|118|48
7|119|60
7|122|42
7|124|79
7|126|42
7|127|82
7|129|90
7|133|16
7|134|6
7|136|1
7|140|97
7|143|28
7|145|1
7|147|95
7|150|69
7|151|20
7|152|70
7|153|65
7|154|87
7|155|15
7|161|58
7|164|34
7|165|36
7|167|62
7|169|44
7|170|24
7|171|70
7|173|83
7|174|30
8|10|48
8|12|6
8|15|51
8|19|52
8|20|65
8|23|58
8|25|45
8|26|34
8|28|56
8|29|5
8|30|69
8|32|95
8|33|88
8|34|82
8|36|16
8|37|46
8|38|37
8|44|47
8|45|86
8|48|78
8|50|41
8|54|89
8|56|24
8|59|45
8|60|60
8|61|23
8|65|29
8|67|13
8|68|79
8|69|68
8|71|88
8|72|67
8|76|21
8|77|8
8|79|23
8|80|96
8|81|45
8|82|7
8|83|88
8|86|4
8|88|62
8|89|65
8|91|93
8|96|50
8|97|94
8|98|27
8|100|55
8|103|41
8|105|1
8|116|63
8|119|12
8|121|81
8|122|76
8|126|72
8|132|45
8|133|42
8|134|96
8|139|28
8|140|23
8|141|86
8|142|40
8|143|86
8|144|92
8|146|20
8|150|13
8|151|67
8|154|66
8|155|22
8|156|61
8|157|66
8|158|79
8|159|5
8|160|35
8|161|68
8|163|23
8|165|20
9|13|72
9|15|41
9|17|85
9|18|5
9|19|76
9|22|49
9|23|100
9|25|2
9|26|41
9|27|89
9|36|94
9|37|7
9|38|24
9|39|87
9|41|29
9|45|14
9|49|66
9|50|18
9|52|3
9|54|11
9|58|38
9|59|36
9|61|87
9|63|70
9|64|34
9|65|70
9|66|17
9|68|87
9|70|47
9|71|43
9|74|18
9|75|62
9|77|44
9|80|4
9|81|27
9|82|43
9|83|75
9|84|55
9|88|35
9|89|38
9|91|43
9|94|77
9|100|77
9|101|36
9|105|95
9|107|35
9|108|23
9|109|35
9|114|15
9|115|71
9|119|46
9|120|9
9|121|77
9|123|12
9|124|72
9|126|85
9|128|59
9|132|16
9|133|57
9|134|93
9|135|93
9|137|22
9|139|56
9|140|41
9|141|25
9|142|54
9|145|35
9|146|76
9|151|74
9|153|48
9|157|57
9|159|73
9|161|65
9|162|84
9|164|16
9|167|69
9|168|46
9|170|27
9|171|98
9|173|20
9|174|72
10|13|39
10|15|68
10|17|73
10|20|34
10|23|45
10|25|17
10|26|84
10|27|96
10|32|82
10|35|94
10|39|86
10|41|40
10|44|48
10|48|21
10|50|14
10|52|96
10|53|11
10|54|52
10|57|81
10|58|96
10|59|4
10|60|56
10|63|3
10|64|18
10|65|41
10|66|13
10|67|35
10|68|93
10|69|50
10|70|10
10|73|84
10|74|45
10|77|48
10|80|90
10|81|88
10|82|49
10|85|64
10|86|71
10|87|5
10|89|82
10|90|60
10|91|37
10|92|77
10|93|38
10|94|71
10|97|20
10|100|89
10|101|95
10|102|17
10|104|64
10|105|60
10|110|11
10|111|6
10|113|7
10|114|34
10|118|64
10|121|29
10|123|65
10|124|79
10|126|46
10|128|70
10|130|35
10|131|81
10|132|70
10|133|20
10|134|93
10|135|9
10|136|70
10|138|38
10|140|35
10|142|16
10|143|66
10|145|51
10|152|69
10|154|67
10|158|31
10|160|100
10|161|70
10|162|76
10|164|99
10|167|91
10|170|5
10|171|100
10|173|85
10|174|46
11|12|32
11|13|71
11|16|48
11|18|63
11|19|24
11|23|55
11|24|36
11|26|35
11|28|66
11|33|1
11|35|49
11|37|20
11|38|42
11|40|78
11|42|42
11|44|42
11|45|8
11|47|16
11|48|57
11|50|92
11|52|96
11|55|90
11|58|65
11|59|72
11|60|4
11|61|74
11|62|23
11|63|37
11|64|4
11|67|65
11|69|53
11|70|95
11|71|56
11|73|23
11|74|52
11|76|95
11|77|12
11|79|83
11|84|79
11|88|6
11|92|82
11|93|62
11|95|58
11|97|78
11|98|13
11|102|60
11|103|78
11|105|11
11|108|95
11|110|98
11|111|73
11|112|52
11|114|28
11|116|25
11|117|64
11|119|10
11|123|19
11|124|6
11|125|84
11|131|3
11|136|67
11|137|84
11|140|59
11|142|68
11|143|42
11|145|9
11|148|60
11|151|90
11|153|35
11|155|57
11|156|23
11|158|12
11|160|15
11|161|15
11|164|26
11|168|22
11|169|78
11|170|88
11|172|38
11|173|15
12|14|66
12|15|20
12|16|16
12|17|90
12|18|23
12|21|44
12|22|97
12|23|8
12|24|22
12|27|22
12|28|100
12|29|99
12|34|51
12|35|21
12|37|4
12|38|71
12|40|3
12|41|35
12|43|79
12|51|77
12|52|83
12|54|10
12|55|69
12|58|34
12|60|60
12|61|68
12|62|83
12|63|46
12|67|18
12|69|31
12|70|46
12|71|10
12|72|45
12|73|68
12|74|1
12|75|33
12|76|24
12|79|79
12|80|33
12|82|43
12|87|90
12|88|40
12|89|9
12|90|83
12|91|32
12|95|22
12|100|62
12|102|70
12|103|35
12|104|7
12|108|88
12|109|57
12|111|93
12|112|4
12|115|58
12|116|13
12|119|29
12|122|75
12|123|74
12|126|90
12|127|18
12|128|58
12|129|63
12|130|12
12|131|96
12|132|26
12|133|7
12|137|92
12|138|73
12|139|48
12|142|46
12|143|48
12|144|93
12|145|18
12|147|62
12|153|58
12|155|73
12|159|45
12|161|100
12|162|35
12|164|15
12|165|92
12|166|35
12|168|82
12|173|15
12|174|58
13|16|17
13|19|92
13|20|18
13|21|7
13|23|13
13|24|100
13|27|96
13|29|91
13|30|82
13|31|19
13|32|9
13|34|34
13|38|6
13|40|23
13|41|81
13|42|86
13|44|37
13|46|33
13|49|34
13|52|17
13|54|45
13|55|17
13|56|50
13|57|33
13|58|3
13|59|73
13|62|100
13|63|49
13|66|77
13|68|67
13|69|59
13|71|63
13|76|78
13|77|39
13|78|14
13|81|26
13|89|25
13|94|82
13|96|97
13|99|77
13|100|16
13|101|89
13|102|90
13|104|4
13|106|18
13|107|51
13|108|32
13|114|31
13|117|65
13|119|12
13|122|31
13|127|37
13|128|89
13|130|19
13|131|5
13|133|5
13|135|22
13|136|35
13|140|16
13|141|89
13|143|83
13|144|61
13|146|55
13|147|32
13|149|71
13|152|34
13|153|8
13|154|54
13|155|25
13|157|33
13|158|75
13|160|85
13|163|34
13|166|99
13|167|9
13|171|3
13|173|63
13|174|78
14|15|91
14|16|43
14|18|42
14|20|16
14|22|17
14|26|6
14|28|10
14|29|7
14|30|29
14|31|86
14|32|90
14|35|87
14|37|63
14|38|84
14|39|53
14|40|35
14|41|77
14|42|49
14|43|13
14|46|84
14|52|92
14|53|70
14|54|61
14|55|63
14|56|1
14|57|98
14|58|62
14|60|14
14|61|4
14|63|63
14|64|39
14|65|10
14|68|62
14|69|46
14|72|51
14|73|87
14|74|99
14|76|70
14|78|51
14|80|9
14|82|17
14|87|30
14|88|17
14|92|37
14|93|84
14|97|72
14|98|58
14|99|22
14|100|26
14|101|81
14|103|14
14|104|35
14|107|72
14|108|80
14|110|22
14|114|42
14|115|40
14|116|62
14|117|90
14|118|16
14|121|68
14|124|71
14|125|33
14|126|68
14|129|17
14|130|42
14|131|75
14|132|11
14|133|94
14|138|59
14|139|50
14|140|76
14|144|50
14|145|42
14|147|99
14|150|63
14|152|30
14|155|59
14|157|9
14|158|4
14|159|86
14|162|71
14|163|17
14|164|33
14|166|96
14|167|14
14|168|99
14|174|44
15|16|49
15|17|58
15|19|87
15|20|39
15|22|65
15|23|28
15|24|66
15|27|49
15|28|20
15|30|54
15|31|22
15|32|32
15|33|78
15|34|76
15|37|27
15|38|82
15|39|38
15|40|51
15|41|9
15|43|19
15|44|4
15|45|17
15|54|89
15|58|56
15|62|57
15|63|37
15|67|65
15|72|63
15|77|2
15|81|85
15|84|16
15|86|97
15|87|8
15|88|18
15|90|87
15|92|10
15|94|36
15|95|91
15|98|49
15|100|57
15|102|15
15|103|19
15|105|18
15|106|25
15|107|23
15|110|61
15|111|6
15|113|74
15|114|3
15|118|19
15|119|40
15|123|72
15|128|51
15|129|18
15|131|11
15|132|66
15|133|91
15|134|87
15|135|52
15|136|49
15|140|68
15|142|79
15|143|28
15|147|83
15|149|5
15|151|50
15|154|55
15|157|86
15|160|100
15|163|21
15|164|57
15|165|37
15|167|61
15|170|63
15|173|86
16|18|79
16|19|81
16|21|7
16|23|75
16|24|42
16|28|42
16|30|47
16|32|36
16|36|38
16|39|57
16|40|51
16|42|61
16|45|26
16|46|76
16|47|9
16|49|48
16|51|91
16|54|94
16|56|70
16|58|32
16|60|21
16|61|39
16|62|76
16|66|47
16|67|92
16|69|28
16|70|99
16|71|64
16|72|72
16|73|14
16|74|26
16|75|42
16|77|97
16|78|64
16|79|40
16|80|45
16|81|39
16|82|60
16|84|31
16|86|45
16|87|13
16|88|23
16|89|71
16|90|24
16|92|95
16|93|16
16|94|40
16|96|62
16|97|60
16|98|62
16|102|35
16|105|78
16|110|11
16|111|79
16|112|31
16|113|20
16|117|87
16|118|67
16|119|73
16|120|56
16|124|6
16|128|25
16|131|66
16|134|11
16|135|35
16|137|95
16|138|43
16|144|82
16|145|35
16|146|83
16|147|52
16|148|25
16|153|73
16|155|100
16|157|75
16|159|15
16|160|94
16|161|81
16|163|86
16|164|98
16|165|71
16|167|64
16|168|86
16|169|94
16|170|80
16|171|22
16|172|75
16|173|73
16|174|25
17|21|10
17|22|89
17|25|100
17|26|30
17|27|55
17|28|39
17|29|82
17|32|51
17|35|85
17|36|87
17|38|2
17|39|77
17|41|42
17|43|60
17|44|85
17|48|59
17|49|70
17|52|78
17|54|13
17|57|96
17|58|94
17|59|37
17|60|32
17|63|45
17|66|85
17|67|64
17|71|13
17|73|5
17|76|63
17|77|76
17|78|85
17|81|36
17|83|53
17|84|53
17|87|48
17|88|7
17|90|23
17|91|23
17|94|3
17|95|39
17|96|21
17|97|36
17|98|56
17|103|56
17|104|2
17|106|92
17|107|30
17|112|98
17|113|66
17|114|97
17|116|33
17|118|52
17|119|28
17|121|78
17|124|67
17|125|95
17|127|53
17|133|29
17|135|72
17|136|61
17|139|23
17|141|24
17|145|53
17|153|56
17|155|7
17|156|54
17|164|71
17|166|73
17|170|66
17|172|34
17|173|97
18|19|70
18|23|88
18|30|29
18|31|4
18|33|9
18|35|4
18|36|66
18|37|3
18|39|65
18|40|90
18|42|31
18|44|55
18|46|21
18|49|62
18|51|3
18|59|65
18|63|3
18|65|47
18|66|72
18|67|29
18|70|64
18|74|78
18|77|37
18|78|4
18|79|93
18|80|79
18|81|72
18|82|69
18|84|94
18|86|88
18|87|20
18|90|71
18|91|24
18|93|52
18|94|43
18|97|3
18|100|44
18|103|59
18|104|93
18|105|71
18|106|40
18|110|93
18|113|99
18|114|87
18|115|55
18|116|43
18|117|80
18|120|23
18|121|34
18|127|24
18|131|47
18|133|73
18|134|52
18|135|99
18|136|7
18|137|39
18|138|78
18|140|51
18|141|71
18|143|74
18|146|44
18|148|9
18|152|89
18|156|5
18|160|72
18|162|24
18|163|87
18|164|84
18|166|85
18|167|71
18|168|94
18|169|10
18|172|32
18|173|83
18|174|46
19|23|76
19|24|98
19|30|21
19|33|64
19|34|62
19|35|73
19|36|34
19|39|37
19|42|24
19|43|70
19|46|66
19|50|61
19|51|43
19|53|65
19|56|52
19|57|46
19|60|31
19|63|29
19|65|86
19|67|62
19|69|98
19|73|84
19|74|88
19|80|48
19|82|81
19|85|12
19|87|30
19|88|88
19|93|39
19|94|90
19|95|35
19|97|78
19|98|28
19|102|92
19|105|88
19|106|90
19|107|76
19|110|60
19|111|96
19|112|28
19|114|96
19|116|94
19|117|82
19|120|91
19|122|30
19|123|72
19|126|34
19|130|63
19|132|92
19|134|27
19|135|18
19|138|80
19|149|48
19|150|22
19|151|100
19|154|67
19|156|40
19|158|19
19|161|42
19|166|77
19|170|65
19|171|6
19|173|44
19|174|69
20|22|19
20|25|59
20|28|8
20|32|41
20|34|42
20|35|21
20|36|82
20|40|35
20|42|60
20|44|7
20|48|7
20|52|69
20|54|56
20|55|82
20|56|18
20|65|38
20|66|38
20|67|92
20|69|67
20|70|64
20|71|18
20|72|97
20|74|60
20|76|35
20|77|32
20|78|45
20|79|24
20|80|69
20|81|91
20|82|13
20|85|35
20|86|97
20|88|97
20|91|3
20|92|75
20|99|1
20|102|23
20|104|51
20|109|77
20|110|31
20|111|45
20|113|94
20|115|51
20|116|21
20|117|84
20|118|93
20|124|5
20|130|42
20|131|3
20|132|4
20|134|75
20|135|35
20|138|53
20|139|60
20|141|32
20|142|91
20|145|84
20|148|91
20|149|66
20|152|8
20|155|49
20|157|14
20|158|17
20|160|85
20|161|31
20|167|76
20|168|61
20|169|79
20|171|81
20|172|96
20|173|17
20|174|48
21|22|99
21|23|41
21|25|79
21|30|98
21|31|39
21|34|47
21|35|18
21|36|3
21|41|32
21|43|22
21|44|56
21|45|1
21|47|25
21|48|80
21|49|4
21|50|31
21|51|15
21|54|79
21|58|20
21|62|90
21|63|6
21|64|77
21|65|63
21|67|27
21|68|15
21|69|18
21|72|83
21|75|97
21|77|50
21|79|88
21|83|7
21|84|18
21|86|9
21|90|4
21|91|89
21|92|73
21|93|22
21|94|26
21|96|39
21|98|100
21|100|36
21|102|36
21|103|91
21|104|21
21|108|54
21|113|9
21|115|76
21|119|11
21|120|63
21|121|75
21|123|99
21|126|94
21|127|27
21|128|44
21|131|96
21|132|27
21|133|28
21|138|19
21|140|65
21|143|63
21|152|32
21|155|9
21|156|26
21|157|28
21|159|23
21|160|5
21|163|47
21|164|96
21|167|65
21|170|35
21|173|42
21|174|98
22|23|33
22|24|86
22|27|2
22|31|86
22|32|56
22|33|42
22|34|69
22|41|41
22|45|40
22|46|64
22|47|93
22|48|74
22|54|8
22|55|3
22|56|29
22|57|5
22|58|17
22|59|70
22|61|1
22|65|61
22|66|74
22|68|24
22|69|38
22|70|95
22|71|56
22|76|73
22|77|100
22|80|77
22|81|24
22|89|80
22|91|28
22|92|26
22|94|17
22|95|19
22|96|88
22|98|55
22|99|91
22|100|47
22|104|46
22|106|44
22|107|1
22|108|19
22|111|64
22|112|27
22|113|12
22|114|71
22|117|27
22|118|66
22|120|14
22|121|72
22|123|18
22|126|19
22|127|15
22|128|93
22|129|72
22|134|55
22|135|99
22|136|96
22|137|50
22|140|96
22|142|47
22|145|43
22|146|100
22|149|36
22|150|6
22|151|83
22|152|41
22|154|19
22|156|73
22|157|33
22|161|40
22|163|36
22|167|91
22|169|76
22|170|6
22|171|68
22|172|79
22|174|44
23|24|53
23|25|19
23|26|14
23|28|66
23|30|17
23|32|19
23|35|7
23|37|81
23|38|76
23|39|68
23|40|47
23|42|41
23|43|62
23|45|53
23|46|92
23|47|40
23|48|72
23|54|13
23|56|91
23|57|56
23|59|55
23|62|62
23|64|57
23|65|10
23|70|6
23|71|35
23|72|52
23|73|68
23|76|53
23|77|48
23|79|96
23|81|86
23|82|85
23|83|99
23|84|48
23|90|53
23|96|11
23|97|8
23|100|70
23|101|21
23|103|85
23|105|17
23|109|68
23|110|23
23|111|10
23|113|75
23|115|18
23|116|71
23|118|6
23|120|72
23|124|83
23|125|25
23|128|47
23|132|11
23|133|18
23|134|6
23|135|60
23|137|85
23|138|40
23|139|92
23|140|51
23|141|81
23|142|92
23|145|1
23|146|24
23|147|100
23|149|56
23|151|1
23|152|20
23|153|91
23|154|18
23|155|7
23|157|47
23|160|61
23|161|24
23|163|68
23|174|92
24|28|68
24|33|25
24|34|64
24|35|6
24|36|16
24|38|16
24|41|50
24|42|29
24|45|57
24|46|27
24|47|12
24|48|35
24|49|80
24|52|75
24|53|96
24|54|48
24|56|72
24|64|68
24|66|95
24|67|24
24|71|59
24|74|68
24|75|72
24|76|42
24|79|100
24|80|98
24|81|68
24|83|10
24|86|45
24|87|75
24|90|45
24|92|36
24|93|60
24|94|3
24|95|95
24|98|20
24|99|13
24|101|19
24|103|58
24|104|51
24|108|27
24|110|95
24|112|98
24|113|55
24|119|34
24|120|77
24|122|15
24|123|72
24|124|46
24|125|81
24|126|91
24|127|49
24|130|21
24|131|39
24|133|16
24|140|82
24|141|98
24|146|71
24|148|42
24|149|36
24|151|44
24|155|12
24|156|39
24|158|17
24|159|63
24|160|57
24|161|30
24|164|51
24|165|3
24|166|17
24|170|43
24|174|44
25|26|25
25|27|52
25|29|68
25|31|14
25|33|62
25|34|50
25|38|41
25|39|65
25|41|16
25|45|48
25|47|85
25|48|22
25|49|38
25|51|2
25|53|45
25|54|62
25|56|90
25|58|63
25|59|50
25|63|78
25|65|46
25|66|20
25|68|26
25|70|40
25|73|25
25|75|37
25|76|69
25|80|13
25|83|13
25|84|3
25|85|87
25|87|61
25|90|87
25|93|63
25|94|18
25|98|31
25|100|36
25|102|1
25|107|77
25|108|67
25|111|9
25|112|2
25|113|26
25|116|4
25|118|44
25|119|97
25|124|61
25|125|39
25|127|18
25|128|29
25|130|71
25|131|7
25|132|86
25|133|84
25|134|100
25|135|64
25|136|11
25|137|28
25|138|17
25|139|82
25|140|61
25|141|82
25|142|93
25|143|46
25|145|61
25|148|59
25|149|78
25|153|19
25|155|77
25|156|44
25|158|52
25|161|46
25|163|94
25|168|43
25|170|96
25|172|97
25|173|95
25|174|51
26|27|6
26|29|60
26|30|70
26|31|31
26|32|65
26|34|55
26|38|79
26|39|2
26|43|71
26|45|65
26|46|93
26|48|87
26|49|13
26|50|24
26|52|52
26|54|26
26|58|52
26|59|70
26|60|14
26|65|37
26|66|88
26|67|24
26|68|11
26|69|71
26|72|44
26|76|72
26|77|43
26|79|21
26|82|5
26|85|44
26|87|29
26|93|64
26|94|86
26|95|46
26|96|31
26|97|17
26|99|14
26|100|92
26|102|33
26|103|24
26|104|96
26|105|36
26|107|77
26|112|90
26|113|60
26|114|76
26|117|13
26|123|38
26|124|4
26|125|70
26|126|96
26|129|67
26|133|73
26|134|74
26|139|31
26|140|96
26|142|14
26|143|94
26|144|31
26|146|1
26|147|75
26|148|25
26|152|32
26|153|16
26|154|16
26|156|24
26|158|95
26|159|15
26|161|63
26|162|52
26|163|94
26|171|37
26|173|68
27|30|99
27|31|58
27|32|77
27|33|8
27|35|26
27|36|1
27|37|42
27|39|38
27|40|50
27|45|55
27|46|61
27|49|24
27|50|6
27|51|53
27|52|74
27|58|2
27|60|53
27|61|65
27|62|48
27|63|37
27|64|24
27|65|30
27|68|62
27|72|44
27|73|63
27|75|18
27|76|87
27|79|35
27|80|78
27|82|22
27|85|31
27|90|9
27|93|82
27|96|17
27|97|96
27|98|81
27|99|46
27|100|98
27|101|78
27|102|43
27|103|34
27|106|23
27|107|24
27|111|84
27|112|37
27|115|24
27|121|47
27|124|94
27|125|47
27|127|14
27|128|24
27|133|63
27|134|26
27|136|31
27|137|99
27|138|11
27|142|3
27|146|53
27|147|52
27|148|72
27|149|99
27|150|81
27|151|96
27|154|31
27|155|68
27|156|62
27|158|62
27|159|73
27|160|39
27|162|12
27|163|75
27|164|34
27|166|77
27|167|11
27|168|50
27|170|5
27|171|33
27|174|11
28|30|1
28|31|96
28|32|46
28|33|49
28|34|42
28|37|57
28|38|38
28|39|55
28|41|41
28|42|10
28|45|100
28|47|78
28|48|10
28|50|7
28|56|27
28|58|88
28|59|16
28|60|70
28|62|4
28|63|65
28|65|88
28|66|61
28|68|7
28|70|19
28|72|77
28|73|69
28|78|78
28|80|9
28|83|59
28|84|39
28|86|13
28|87|43
28|89|15
28|91|5
28|92|85
28|94|56
28|96|2
28|97|45
28|98|81
28|101|22
28|102|25
28|103|30
28|105|1
28|106|66
28|108|92
28|110|51
28|112|100
28|115|20
28|116|37
28|117|85
28|120|58
28|123|88
28|124|28
28|125|37
28|131|12
28|132|39
28|139|27
28|142|68
28|144|49
28|147|35
28|149|9
28|153|19
28|155|80
28|156|96
28|158|88
28|159|6
28|163|87
28|164|19
28|165|73
28|167|88
28|171|78
28|173|5
29|30|49
29|33|86
29|36|43
29|40|93
29|43|80
29|45|53
29|47|75
29|49|93
29|50|74
29|52|6
29|53|65
29|54|45
29|56|29
29|59|95
29|61|45
29|62|92
29|63|23
29|65|42
29|67|26
29|72|39
29|73|24
29|74|87
29|76|31
29|77|49
29|78|59
29|79|68
29|80|78
29|82|79
29|88|98
29|90|10
29|91|40
29|94|55
29|95|50
29|96|41
29|99|6
29|102|65
29|108|41
29|110|65
29|112|96
29|115|41
29|121|90
29|122|80
29|123|31
29|125|27
29|126|95
29|127|78
29|128|16
29|129|90
29|130|58
29|131|66
29|132|66
29|137|14
29|139|98
29|144|17
29|145|30
29|146|8
29|147|82
29|150|42
29|153|17
29|155|51
29|156|81
29|157|87
29|158|36
29|161|71
29|162|72
29|163|15
29|164|98
29|165|85
29|166|26
29|167|49
29|169|44
29|171|38
29|172|18
29|173|58
30|31|60
30|32|8
30|33|73
30|36|4
30|39|31
30|40|62
30|41|3
30|43|54
30|45|58
30|46|98
30|48|65
30|50|91
30|51|72
30|52|17
30|54|44
30|55|78
30|57|43
30|59|41
30|61|93
30|62|19
30|64|23
30|67|22
30|68|38
30|70|54
30|71|25
30|73|53
30|79|70
30|80|21
30|82|85
30|83|35
30|84|3
30|85|37
30|88|62
30|89|64
30|90|30
30|91|32
30|94|71
30|97|60
30|98|48
30|102|65
30|103|67
30|104|79
30|105|98
30|106|79
30|108|64
30|109|59
30|110|98
30|112|4
30|113|62
30|115|84
30|118|59
30|119|25
30|120|9
30|123|73
30|126|13
30|130|52
30|133|68
30|134|5
30|139|51
30|140|65
30|142|26
30|143|25
30|144|85
30|147|95
30|148|27
30|150|4
30|152|70
30|154|29
30|155|64
30|158|74
30|160|89
30|161|87
30|162|1
30|164|33
30|167|69
30|169|37
30|170|84
30|172|100
30|174|27
31|32|81
31|35|81
31|36|40
31|37|67
31|39|99
31|40|78
31|43|89
31|44|15
31|45|46
31|49|72
31|51|57
31|52|38
31|56|40
31|59|61
31|62|44
31|64|83
31|67|54
31|68|67
31|73|63
31|75|83
31|76|85
31|78|68
31|80|7
31|81|57
31|83|95
31|85|25
31|87|87
31|91|85
31|92|5
31|93|72
31|97|63
31|98|63
31|99|35
31|101|3
31|103|36
31|104|77
31|105|17
31|107|11
31|108|75
31|109|87
31|110|25
31|111|98
31|113|70
31|114|79
31|115|25
31|116|57
31|120|31
31|121|97
31|125|34
31|126|97
31|127|39
31|128|94
31|131|62
31|132|62
31|133|84
31|134|85
31|135|88
31|140|52
31|143|83
31|145|55
31|146|77
31|153|6
31|154|45
31|163|55
31|165|39
31|166|10
31|167|83
31|169|85
31|170|13
31|173|93
32|37|31
32|40|28
32|42|5
32|43|1
32|46|71
32|47|19
32|50|59
32|51|42
32|52|6
32|57|57
32|58|53
32|59|65
32|60|9
32|61|91
32|65|72
32|66|83
32|67|6
32|68|48
32|69|60
32|70|76
32|71|53
32|72|84
32|73|44
32|74|13
32|76|24
32|77|63
32|78|80
32|79|22
32|80|49
32|83|7
32|85|28
32|86|93
32|87|51
32|88|29
32|92|11
32|93|58
32|95|97
32|98|74
32|100|71
32|101|88
32|102|48
32|103|97
32|105|7
32|106|1
32|107|96
32|109|47
32|112|82
32|116|70
32|117|32
32|118|36
32|120|56
32|121|89
32|122|59
32|124|4
32|127|91
32|128|98
32|129|61
32|130|12
32|136|99
32|137|22
32|140|53
32|141|87
32|142|82
32|146|68
32|148|73
32|149|45
32|156|96
32|157|3
32|158|100
32|160|43
32|161|100
32|163|66
32|165|79
32|166|76
32|167|87
32|169|15
32|171|23
32|174|47
33|37|72
33|38|48
33|39|76
33|44|15
33|45|33
33|46|42
33|47|34
33|48|19
33|49|33
33|50|48
33|51|49
33|52|43
33|53|27
33|60|21
33|61|84
33|64|35
33|65|50
33|66|64
33|67|69
33|70|62
33|71|25
33|73|65
33|74|87
33|75|91
33|82|28
33|83|58
33|86|21
33|91|100
33|92|99
33|93|1
33|95|58
33|96|30
33|97|50
33|98|84
33|100|99
33|101|38
33|105|30
33|106|33
33|117|13
33|121|50
33|126|11
33|130|69
33|134|76
33|135|87
33|136|23
33|138|74
33|139|53
33|141|79
33|144|8
33|145|62
33|146|23
33|148|34
33|149|96
33|150|60
33|152|51
33|158|69
33|160|68
33|161|87
33|162|55
33|163|12
33|164|31
33|165|21
33|166|6
33|167|49
33|169|72
33|171|29
33|172|19
33|174|89
34|36|31
34|37|70
34|38|44
34|39|90
34|41|75
34|42|3
34|47|25
34|48|45
34|49|63
34|50|21
34|52|35
34|56|77
34|57|91
34|59|11
34|62|42
34|63|26
34|67|95
34|70|36
34|71|21
34|72|17
34|74|56
34|77|51
34|78|34
34|80|72
34|81|23
34|84|8
34|86|16
34|92|36
34|95|85
34|98|28
34|101|14
34|103|46
34|104|5
34|105|11
34|106|39
34|107|42
34|108|72
34|109|13
34|110|46
34|111|93
34|115|100
34|116|32
34|117|67
34|119|58
34|125|100
34|129|69
34|131|57
34|132|90
34|134|2
34|135|56
34|137|41
34|139|60
34|142|47
34|143|63
34|145|25
34|147|14
34|149|35
34|150|65
34|154|98
34|157|33
34|159|47
34|160|43
34|165|67
34|166|63
34|168|31
34|169|44
34|170|68
34|172|90
34|173|85
35|36|98
35|37|7
35|38|55
35|40|7
35|41|48
35|43|3
35|44|8
35|47|75
35|51|31
35|52|20
35|53|21
35|55|57
35|56|17
35|63|66
35|64|87
35|68|55
35|71|66
35|72|64
35|73|3
35|76|41
35|81|10
35|82|72
35|83|55
35|84|10
35|85|75
35|86|70
35|87|35
35|89|37
35|90|75
35|95|30
35|96|60
35|99|53
35|101|2
35|104|74
35|105|79
35|108|88
35|110|12
35|111|68
35|113|14
35|114|40
35|115|61
35|116|61
35|119|20
35|126|90
35|131|84
35|132|30
35|133|95
35|134|45
35|135|6
35|137|9
35|139|44
35|140|7
35|144|95
35|146|98
35|147|30
35|148|25
35|150|93
35|155|70
35|156|4
35|157|98
35|158|96
35|160|73
35|162|94
35|164|80
35|168|35
35|169|73
35|171|63
35|173|57
35|174|25
36|37|100
36|38|57
36|40|61
36|41|83
36|43|28
36|45|22
36|46|59
36|48|52
36|49|61
36|51|50
36|56|87
36|58|59
36|59|23
36|67|87
36|69|15
36|71|48
36|73|84
36|74|59
36|75|38
36|76|4
36|79|82
36|82|89
36|83|60
36|84|5
36|86|14
36|87|95
36|90|97
36|93|38
36|94|17
36|95|41
36|101|72
36|108|90
36|109|53
36|110|29
36|114|25
36|115|54
36|116|65
36|122|7
36|123|57
36|126|62
36|127|56
36|129|15
36|131|21
36|135|72
36|138|37
36|141|43
36|143|47
36|144|64
36|147|45
36|152|6
36|154|47
36|155|28
36|157|2
36|158|51
36|160|100
36|163|76
36|164|24
36|166|81
36|167|13
36|168|91
36|169|61
36|172|80
36|173|56
36|174|92
37|38|6
37|39|100
37|40|34
37|41|100
37|43|96
37|50|65
37|51|98
37|53|96
37|56|69
37|58|55
37|59|51
37|61|47
37|62|15
37|63|31
37|64|69
37|65|27
37|67|19
37|70|33
37|76|31
37|77|14
37|79|25
37|85|44
37|88|70
37|90|43
37|91|48
37|92|67
37|94|4
37|95|20
37|102|37
37|103|22
37|104|30
37|105|80
37|107|52
37|109|12
37|111|97
37|112|71
37|113|86
37|114|90
37|115|4
37|116|83
37|119|44
37|120|75
37|122|96
37|123|64
37|124|39
37|126|2
37|128|71
37|129|99
37|132|70
37|133|51
37|136|2
37|142|24
37|143|29
37|144|70
37|148|78
37|149|39
37|152|92
37|158|47
37|159|87
37|160|51
37|161|36
37|162|86
37|164|3
37|165|75
37|166|79
37|168|38
37|170|78
37|171|3
37|173|77
38|39|72
38|40|46
38|41|85
38|43|55
38|44|7
38|45|95
38|46|83
38|48|20
38|50|64
38|51|26
38|52|67
38|53|7
38|54|74
38|55|53
38|56|22
38|59|63
38|62|12
38|63|87
38|64|39
38|65|23
38|66|47
38|67|33
38|68|43
38|69|6
38|71|57
38|72|40
38|75|34
38|83|88
38|84|64
38|85|61
38|87|16
38|88|37
38|89|88
38|90|75
38|91|68
38|95|63
38|96|25
38|105|64
38|106|26
38|109|79
38|110|42
38|111|26
38|113|70
38|115|31
38|116|50
38|118|30
38|122|58
38|123|94
38|125|67
38|126|33
38|130|27
38|131|60
38|132|16
38|133|92
38|134|93
38|135|57
38|139|77
38|141|70
38|143|38
38|144|14
38|146|50
38|147|26
38|151|46
38|153|3
38|155|96
38|157|33
38|158|34
38|160|21
38|161|51
38|164|78
38|165|5
38|169|87
38|172|95
38|173|69
39|41|96
39|42|96
39|43|55
39|46|12
39|47|46
39|48|41
39|53|24
39|56|34
39|57|6
39|58|38
39|59|39
39|62|77
39|63|31
39|64|44
39|65|90
39|68|24
39|72|9
39|73|24
39|74|69
39|75|53
39|77|91
39|78|45
39|79|48
39|82|73
39|83|82
39|84|59
39|85|52
39|90|18
39|92|11
39|94|84
39|101|65
39|104|56
39|105|12
39|106|70
39|107|9
39|109|72
39|110|93
39|113|88
39|116|78
39|118|91
39|119|14
39|121|97
39|122|8
39|123|2
39|124|39
39|126|47
39|127|72
39|130|20
39|134|8
39|135|43
39|137|52
39|141|55
39|142|36
39|144|80
39|148|21
39|149|75
39|150|30
39|153|28
39|155|21
39|157|28
39|158|14
39|159|80
39|164|41
39|166|79
39|168|97
39|169|29
39|172|26
39|173|26
39|174|79
40|41|31
40|42|95
40|50|83
40|55|1
40|56|76
40|58|5
40|59|50
40|60|71
40|62|34
40|63|5
40|65|7
40|66|17
40|67|10
40|68|41
40|71|85
40|73|85
40|74|83
40|76|54
40|77|93
40|79|37
40|80|14
40|81|53
40|83|51
40|84|13
40|87|40
40|88|27
40|89|5
40|91|67
40|93|83
40|94|74
40|95|56
40|96|41
40|98|8
40|100|40
40|101|97
40|102|87
40|105|91
40|106|72
40|107|45
40|109|65
40|111|74
40|113|72
40|114|12
40|117|28
40|119|28
40|121|19
40|126|60
40|127|72
40|133|23
40|140|69
40|141|77
40|144|4
40|150|34
40|152|67
40|154|83
40|155|44
40|157|9
40|158|35
40|160|59
40|161|14
40|165|12
40|166|73
40|167|87
40|169|30
40|170|5
40|171|19
40|174|74
41|46|1
41|48|21
41|49|34
41|50|70
41|52|91
41|53|40
41|54|21
41|61|83
41|62|52
41|65|13
41|66|44
41|67|18
41|68|79
41|73|27
41|74|95
41|75|49
41|77|54
41|78|41
41|79|57
41|80|96
41|84|71
41|85|86
41|86|55
41|87|35
41|88|99
41|89|82
41|90|96
41|93|75
41|95|38
41|96|2
41|97|81
41|99|79
41|100|7
41|102|97
41|103|80
41|105|25
41|106|69
41|109|32
41|111|11
41|112|1
41|113|61
41|114|29
41|115|75
41|116|77
41|118|23
41|119|61
41|120|70
41|121|13
41|122|26
41|124|9
41|125|67
41|126|39
41|128|72
41|130|27
41|134|41
41|138|37
41|139|2
41|142|81
41|147|30
41|148|82
41|152|27
41|153|54
41|154|60
41|156|10
41|157|71
41|158|30
41|160|59
41|163|85
41|164|26
41|165|32
41|167|91
41|170|56
41|171|38
41|173|54
41|174|77
42|44|57
42|48|93
42|50|99
42|51|39
42|52|58
42|53|74
42|54|72
42|55|43
42|56|56
42|57|45
42|60|83
42|61|18
42|64|75
42|65|4
42|68|28
42|69|84
42|70|21
42|71|13
42|72|96
42|73|99
42|74|74
42|75|3
42|77|73
42|78|12
42|79|65
42|84|65
42|85|56
42|87|41
42|88|72
42|90|59
42|94|49
42|97|95
42|98|49
42|100|32
42|101|61
42|105|77
42|106|79
42|110|40
42|111|3
42|115|2
42|116|95
42|117|86
42|121|46
42|124|12
42|127|52
42|128|25
42|129|79
42|131|47
42|132|14
42|133|94
42|135|89
42|138|33
42|140|5
42|141|87
42|142|61
42|150|75
42|154|56
42|156|29
42|157|26
42|159|84
42|162|81
42|163|34
42|168|67
42|169|5
42|170|83
42|171|77
42|173|83
43|44|39
43|46|70
43|49|60
43|53|33
43|54|97
43|58|25
43|59|5
43|60|42
43|61|77
43|66|76
43|67|21
43|70|78
43|71|61
43|73|23
43|74|40
43|77|1
43|78|94
43|81|49
43|84|93
43|86|48
43|87|98
43|88|85
43|90|39
43|93|70
43|94|90
43|95|51
43|96|84
43|101|47
43|103|42
43|104|51
43|105|54
43|106|81
43|107|68
43|111|3
43|112|7
43|113|19
43|114|49
43|115|59
43|118|54
43|119|4
43|120|86
43|121|54
43|124|17
43|127|14
43|130|62
43|131|46
43|133|55
43|136|24
43|138|11
43|141|72
43|142|41
43|143|68
43|144|57
43|146|27
43|147|28
43|149|41
43|151|46
43|157|66
43|159|27
43|162|38
43|164|6
43|165|17
43|167|70
43|169|89
43|170|24
44|45|98
44|46|60
44|49|58
44|52|68
44|55|57
44|56|46
44|57|100
44|59|26
44|60|23
44|62|83
44|63|43
44|64|44
44|65|90
44|66|8
44|67|14
44|68|67
44|69|11
44|70|44
44|72|12
44|75|17
44|76|69
44|77|74
44|79|32
44|80|20
44|81|24
44|85|76
44|87|19
44|88|73
44|89|47
44|93|93
44|94|80
44|95|88
44|96|84
44|97|79
44|98|99
44|101|9
44|103|39
44|104|68
44|105|21
44|107|68
44|108|8
44|109|69
44|110|10
44|113|17
44|114|64
44|116|9
44|120|87
44|121|96
44|123|61
44|125|4
44|127|79
44|128|4
44|131|62
44|133|29
44|135|68
44|139|63
44|140|78
44|141|83
44|145|13
44|147|71
44|148|6
44|150|32
44|151|17
44|152|6
44|153|98
44|156|59
44|158|12
44|159|79
44|160|95
44|162|65
44|163|18
44|164|42
44|166|45
44|167|63
44|168|68
44|172|47
44|174|93
45|47|88
45|49|59
45|50|52
45|53|79
45|55|72
45|56|19
45|57|94
45|58|13
45|59|82
45|60|27
45|62|32
45|63|15
45|64|32
45|66|67
45|67|71
45|70|76
45|72|16
45|73|87
45|74|4
45|75|81
45|78|77
45|80|50
45|81|8
45|83|57
45|91|65
45|92|24
45|93|89
45|94|14
45|96|85
45|98|79
45|99|62
45|100|52
45|102|80
45|103|78
45|104|63
45|105|18
45|106|75
45|109|51
45|113|80
45|114|38
45|115|9
45|116|90
45|119|43
45|121|27
45|127|12
45|128|32
45|129|27
45|130|78
45|131|79
45|134|2
45|137|8
45|138|53
45|139|40
45|143|64
45|144|37
45|146|10
45|147|71
45|149|37
45|150|4
45|155|67
45|156|44
45|157|9
45|159|11
45|166|38
45|168|94
45|170|38
45|171|96
46|47|25
46|48|83
46|49|39
46|55|73
46|56|16
46|58|5
46|64|8
46|66|45
46|67|36
46|69|8
46|71|23
46|72|98
46|74|63
46|75|25
46|76|12
46|78|90
46|80|45
46|82|15
46|85|52
46|88|34
46|92|32
46|93|2
46|94|75
46|95|23
46|97|55
46|98|28
46|99|79
46|100|6
46|102|22
46|109|4
46|112|51
46|113|89
46|114|81
46|115|94
46|116|88
46|118|33
46|120|67
46|123|53
46|134|30
46|137|97
46|138|65
46|140|47
46|142|12
46|143|16
46|146|1
46|147|59
46|149|42
46|151|71
46|155|85
46|157|37
46|158|11
46|159|54
46|165|30
46|167|75
46|168|24
46|170|77
46|173|12
47|49|63
47|50|67
47|52|42
47|53|2
47|55|14
47|57|12
47|58|93
47|59|82
47|60|77
47|62|91
47|67|91
47|71|73
47|72|64
47|73|80
47|75|61
47|76|92
47|77|98
47|78|72
47|83|53
47|86|31
47|87|94
47|88|18
47|90|99
47|91|20
47|92|20
47|96|36
47|97|21
47|98|51
47|99|27
47|101|67
47|102|86
47|103|97
47|105|51
47|107|9
47|108|91
47|109|9
47|110|77
47|111|29
47|114|30
47|116|85
47|117|15
47|119|33
47|120|71
47|122|97
47|123|23
47|127|66
47|128|60
47|129|64
47|130|35
47|131|97
47|137|5
47|138|91
47|140|29
47|142|42
47|143|72
47|147|36
47|148|36
47|150|63
47|152|85
47|159|16
47|160|74
47|161|20
47|165|4
47|166|19
47|167|94
47|168|16
48|50|83
48|52|4
48|53|35
48|56|10
48|60|29
48|62|37
48|64|16
48|65|59
48|67|66
48|68|5
48|69|3
48|70|38
48|71|17
48|72|70
48|73|20
48|76|53
48|79|98
48|80|59
48|82|66
48|85|73
48|89|32
48|95|83
48|96|79
48|97|75
48|99|29
48|100|29
48|101|29
48|103|62
48|104|4
48|105|1
48|106|68
48|108|99
48|110|78
48|114|50
48|116|65
48|117|52
48|118|63
48|121|1
48|122|18
48|124|59
48|125|92
48|127|25
48|128|1
48|129|11
48|133|16
48|135|75
48|138|75
48|139|4
48|143|33
48|145|94
48|149|85
48|151|52
48|155|79
48|156|18
48|159|52
48|160|16
48|161|64
48|162|93
48|163|89
48|164|6
48|165|68
48|166|94
48|167|35
48|168|44
48|171|7
48|174|47
49|51|45
49|55|91
49|60|34
49|65|69
49|66|88
49|67|85
49|68|14
49|69|54
49|73|56
49|74|8
49|76|34
49|79|93
49|83|17
49|85|30
49|87|24
49|88|6
49|93|97
49|95|26
49|99|98
49|100|81
49|101|82
49|102|9
49|104|14
49|106|37
49|109|17
49|110|66
49|113|32
49|115|47
49|117|27
49|118|26
49|122|68
49|126|60
49|127|60
49|128|67
49|130|75
49|134|83
49|135|11
49|142|46
49|143|88
49|144|64
49|148|98
49|150|64
49|151|13
49|152|26
49|155|12
49|157|22
49|158|56
49|159|98
49|160|31
49|161|61
49|162|2
49|164|80
49|165|5
49|170|79
49|172|39
49|173|20
49|174|61
50|62|88
50|63|92
50|64|100
50|67|57
50|70|2
50|71|5
50|72|34
50|73|63
50|75|57
50|77|31
50|78|19
50|81|57
50|84|100
50|86|29
50|87|46
50|90|71
50|91|88
50|92|87
50|94|63
50|95|27
50|96|31
50|97|44
50|99|99
50|102|7
50|103|40
50|109|69
50|110|95
50|112|42
50|114|58
50|117|91
50|118|6
50|119|76
50|121|70
50|124|25
50|125|61
50|126|39
50|128|84
50|132|7
50|133|46
50|134|92
50|136|43
50|145|70
50|146|76
50|147|16
50|148|97
50|149|88
50|151|33
50|152|39
50|153|43
50|154|44
50|156|12
50|158|72
50|159|90
50|161|6
50|162|35
50|169|4
50|170|79
50|171|27
50|172|64
51|52|61
51|55|7
51|56|48
51|57|96
51|58|86
51|60|26
51|61|82
51|62|59
51|63|59
51|64|28
51|67|51
51|70|79
51|71|25
51|72|22
51|76|12
51|77|5
51|79|28
51|80|87
51|81|45
51|84|93
51|85|54
51|88|36
51|89|41
51|92|21
51|93|97
51|96|21
51|98|62
51|100|60
51|101|96
51|102|14
51|104|73
51|106|42
51|107|99
51|109|74
51|110|17
51|112|60
51|114|82
51|119|71
51|121|75
51|122|34
51|123|78
51|124|51
51|125|63
51|129|30
51|130|97
51|131|42
51|133|3
51|136|38
51|138|6
51|142|13
51|143|34
51|151|56
51|152|67
51|153|43
51|154|40
51|156|98
51|157|47
51|160|85
51|161|84
51|162|97
51|164|96
51|168|7
51|172|31
51|173|50
52|53|7
52|54|59
52|56|66
52|58|32
52|59|32
52|62|39
52|65|55
52|66|84
52|69|81
52|71|47
52|72|46
52|73|93
52|74|76
52|75|90
52|77|43
52|80|49
52|81|29
52|83|9
52|84|5
52|87|29
52|88|41
52|91|56
52|93|3
52|97|9
52|99|80
52|103|11
52|104|70
52|109|12
52|110|95
52|111|38
52|112|2
52|113|21
52|114|87
52|117|73
52|121|2
52|128|6
52|129|75
52|131|81
52|133|21
52|134|62
52|136|27
52|137|83
52|138|34
52|141|45
52|143|59
52|146|38
52|147|11
52|150|20
52|153|56
52|154|24
52|155|18
52|156|94
52|157|76
52|158|66
52|159|45
52|162|19
52|163|10
52|172|12
52|174|32
53|54|65
53|55|75
53|58|61
53|60|24
53|61|33
53|63|2
53|64|76
53|69|89
53|70|35
53|71|96
53|72|53
53|75|72
53|76|21
53|78|80
53|80|17
53|82|30
53|84|73
53|85|46
53|86|76
53|88|13
53|89|99
53|91|31
53|94|71
53|96|42
53|97|31
53|98|9
53|103|44
53|105|59
53|106|86
53|110|11
53|112|84
53|113|17
53|118|19
53|121|79
53|122|80
53|129|89
53|130|65
53|131|88
53|133|7
53|136|40
53|138|45
53|139|84
53|141|90
53|143|47
53|144|14
53|146|73
53|148|27
53|150|1
53|151|1
53|152|28
53|154|72
53|156|62
53|157|20
53|158|65
53|159|53
53|160|78
53|163|76
53|166|45
53|168|54
53|169|99
53|170|45
53|171|99
53|173|44
54|58|28
54|60|2
54|61|17
54|62|22
54|63|38
54|64|95
54|65|39
54|75|83
54|78|70
54|79|5
54|80|47
54|83|56
54|87|56
54|89|74
54|91|81
54|92|16
54|93|80
54|94|57
54|95|37
54|97|100
54|101|56
54|103|46
54|107|62
54|109|43
54|110|3
54|112|29
54|115|68
54|120|96
54|121|19
54|122|75
54|125|85
54|128|42
54|129|95
54|132|9
54|133|53
54|135|32
54|139|54
54|140|92
54|142|37
54|144|66
54|146|31
54|148|11
54|149|86
54|150|39
54|153|39
54|156|4
54|157|67
54|158|25
54|162|88
54|164|69
54|166|31
54|170|45
54|171|19
54|173|38
55|56|71
55|58|94
55|59|38
55|60|56
55|61|30
55|62|75
55|63|59
55|66|18
55|68|67
55|69|58
55|73|87
55|75|69
55|76|84
55|80|64
55|81|87
55|83|19
55|85|100
55|89|96
55|90|86
55|92|54
55|94|43
55|96|48
55|97|21
55|100|69
55|104|85
55|107|45
55|108|5
55|109|71
55|110|40
55|111|59
55|114|50
55|117|16
55|119|1
55|122|76
55|123|18
55|124|98
55|125|42
55|128|10
55|129|46
55|130|83
55|131|34
55|135|2
55|140|98
55|141|67
55|143|22
55|147|50
55|148|87
55|151|95
55|155|41
55|156|36
55|159|52
55|161|23
55|163|66
55|164|59
55|166|35
55|170|69
55|172|73
55|173|43
55|174|26
56|57|71
56|59|57
56|60|77
56|61|70
56|62|21
56|66|19
56|67|54
56|68|2
56|71|22
56|74|97
56|75|26
56|76|37
56|79|50
56|80|21
56|84|61
56|87|76
56|89|76
56|92|50
56|93|45
56|94|14
56|95|47
56|97|88
56|98|22
56|101|15
56|102|63
56|103|43
56|104|36
56|105|31
56|108|74
56|110|5
56|114|4
56|117|92
56|118|5
56|119|76
56|120|41
56|121|26
56|122|76
56|123|25
56|125|70
56|128|38
56|131|42
56|132|71
56|135|51
56|137|21
56|138|38
56|139|56
56|140|80
56|143|26
56|144|51
56|146|35
56|149|90
56|152|76
56|154|69
56|156|13
56|157|64
56|158|80
56|159|100
56|161|87
56|162|82
56|164|15
56|165|13
56|168|36
56|171|96
56|172|67
56|173|36
56|174|12
57|61|69
57|65|43
57|66|89
57|71|50
57|72|16
57|76|63
57|77|70
57|78|34
57|80|93
57|82|32
57|83|28
57|84|25
57|88|56
57|89|80
57|90|22
57|91|33
57|92|51
57|94|42
57|96|13
57|97|47
57|98|38
57|100|6
57|103|100
57|106|48
57|107|62
57|109|4
57|110|64
57|113|34
57|115|36
57|116|28
57|120|35
57|124|11
57|128|38
57|129|25
57|131|8
57|132|30
57|134|52
57|135|100
57|138|15
57|139|5
57|140|36
57|141|21
57|143|66
57|144|58
57|145|28
57|146|99
57|147|63
57|148|52
57|149|74
57|150|62
57|151|92
57|160|97
57|164|27
57|168|58
57|169|84
57|172|34
58|59|86
58|60|4
58|63|68
58|64|50
58|68|30
58|70|100
58|72|48
58|74|78
58|76|56
58|77|5
58|78|48
58|81|97
58|85|25
58|87|94
58|90|17
58|92|77
58|96|25
58|99|87
58|100|8
58|101|97
58|103|75
58|107|63
58|111|35
58|112|25
58|113|78
58|116|10
58|117|20
58|122|58
58|123|26
58|124|23
58|125|89
58|126|22
58|127|72
58|128|46
58|129|37
58|130|53
58|133|56
58|135|88
58|136|52
58|139|27
58|140|79
58|141|99
58|145|97
58|146|56
58|147|6
58|149|7
58|150|2
58|153|76
58|159|89
58|161|69
58|162|81
58|165|16
58|166|88
58|170|63
58|173|5
58|174|4
59|60|63
59|61|79
59|62|60
59|63|73
59|66|26
59|68|76
59|76|52
59|77|66
59|79|80
59|80|92
59|81|84
59|83|93
59|84|55
59|85|65
59|86|97
59|88|28
59|89|23
59|92|66
59|94|78
59|97|20
59|98|71
59|99|17
59|100|92
59|101|69
59|103|55
59|104|98
59|105|61
59|107|47
59|109|33
59|110|41
59|111|42
59|116|95
59|117|98
59|119|61
59|124|99
59|125|64
59|127|100
59|128|81
59|132|57
59|133|94
59|134|69
59|136|50
59|138|7
59|140|82
59|142|83
59|143|34
59|144|81
59|147|9
59|149|72
59|154|11
59|155|66
59|156|38
59|159|61
59|162|44
59|166|56
59|170|78
59|172|53
59|174|1
60|61|86
60|63|49
60|64|10
60|65|13
60|66|35
60|68|63
60|70|29
60|72|11
60|79|81
60|81|26
60|82|45
60|84|85
60|85|76
60|89|99
60|92|4
60|97|9
60|98|6
60|101|63
60|103|71
60|106|22
60|107|99
60|108|14
60|109|49
60|110|32
60|111|98
60|112|33
60|114|45
60|115|85
60|116|2
60|118|9
60|119|58
60|126|75
60|127|23
60|132|89
60|133|58
60|135|23
60|136|95
60|137|82
60|141|84
60|145|32
60|147|39
60|148|47
60|153|87
60|156|69
60|158|43
60|163|100
60|164|73
60|165|13
60|167|32
60|168|7
60|170|70
61|63|95
61|64|58
61|65|89
61|68|51
61|70|10
61|76|34
61|77|10
61|80|24
61|82|62
61|86|90
61|91|98
61|94|98
61|95|33
61|96|33
61|97|21
61|100|53
61|103|8
61|105|41
61|106|67
61|107|31
61|110|53
61|111|66
61|114|15
61|117|13
61|119|19
61|121|55
61|122|16
61|124|13
61|126|32
61|128|36
61|129|95
61|131|9
61|135|11
61|136|89
61|138|36
61|140|62
61|141|24
61|144|63
61|145|23
61|148|8
61|150|51
61|153|50
61|154|15
61|156|1
61|157|67
61|158|53
61|159|38
61|160|23
61|162|53
61|165|9
61|166|3
61|168|93
61|169|41
61|171|28
61|172|1
62|63|76
62|64|52
62|65|97
62|69|5
62|72|16
62|73|27
62|77|98
62|78|55
62|79|55
62|81|83
62|83|49
62|88|92
62|90|54
62|93|91
62|95|59
62|96|7
62|99|91
62|100|22
62|102|87
62|103|63
62|106|25
62|107|80
62|109|1
62|110|92
62|111|86
62|112|50
62|113|89
62|117|86
62|119|61
62|120|56
62|122|48
62|123|51
62|126|1
62|127|23
62|132|100
62|133|42
62|134|36
62|136|9
62|137|82
62|140|66
62|142|70
62|145|58
62|153|31
62|155|53
62|156|30
62|161|11
62|163|51
62|164|43
62|165|56
62|171|46
62|172|40
62|173|62
62|174|68
63|67|33
63|68|39
63|69|54
63|73|49
63|74|26
63|75|76
63|76|89
63|78|52
63|87|58
63|93|57
63|95|41
63|96|2
63|98|96
63|100|72
63|103|69
63|104|66
63|108|33
63|109|98
63|111|49
63|112|94
63|115|11
63|116|56
63|120|44
63|121|22
63|124|17
63|125|81
63|128|74
63|130|82
63|132|77
63|133|18
63|134|14
63|136|68
63|141|73
63|142|84
63|143|51
63|144|37
63|145|14
63|146|52
63|148|76
63|149|65
63|152|40
63|154|15
63|155|29
63|156|59
63|157|30
63|158|93
63|161|31
63|162|55
63|163|91
63|164|57
63|165|15
63|166|38
63|168|94
63|170|92
63|171|53
63|174|60
64|65|25
64|67|78
64|69|34
64|70|51
64|75|57
64|77|78
64|80|9
64|82|37
64|83|9
64|84|41
64|86|25
64|87|86
64|91|84
64|92|7
64|93|35
64|95|32
64|98|15
64|99|65
64|100|29
64|101|48
64|104|70
64|105|38
64|106|28
64|111|98
64|112|49
64|113|90
64|115|47
64|116|54
64|118|91
64|121|7
64|122|32
64|123|1
64|125|27
64|126|8
64|127|20
64|128|27
64|130|12
64|132|82
64|133|39
64|135|98
64|138|11
64|139|3
64|142|46
64|146|43
64|149|4
64|150|49
64|151|14
64|154|39
64|155|71
64|156|44
64|158|43
64|166|74
64|170|52
64|173|66
64|174|91
65|68|46
65|70|49
65|71|85
65|77|99
65|78|35
65|79|64
65|80|1
65|81|79
65|82|2
65|84|13
65|85|88
65|86|80
65|91|43
65|93|90
65|100|55
65|101|46
65|102|55
65|103|96
65|104|69
65|108|61
65|110|6
65|111|83
65|113|95
65|116|1
65|117|24
65|124|3
65|125|33
65|126|77
65|127|58
65|128|43
65|129|20
65|132|54
65|134|65
65|136|96
65|138|94
65|139|47
65|141|67
65|142|44
65|143|43
65|144|44
65|146|35
65|147|59
65|149|22
65|151|56
65|153|48
65|154|56
65|156|84
65|157|45
65|160|41
65|161|17
65|162|21
65|163|57
65|164|27
65|165|56
65|167|53
65|168|86
65|170|31
65|171|34
65|172|39
65|173|27
66|68|14
66|69|3
66|70|33
66|74|55
66|75|6
66|76|36
66|77|64
66|81|43
66|82|89
66|84|96
66|85|84
66|88|74
66|89|24
66|97|28
66|98|25
66|99|64
66|102|19
66|103|29
66|104|34
66|107|57
66|109|40
66|110|52
66|112|42
66|114|33
66|115|91
66|116|60
66|117|82
66|118|52
66|119|100
66|121|86
66|122|38
66|123|93
66|124|86
66|125|25
66|128|1
66|133|21
66|136|6
66|137|58
66|139|5
66|141|18
66|142|18
66|143|1
66|144|18
66|146|4
66|147|7
66|148|45
66|149|93
66|150|91
66|153|52
66|156|51
66|157|86
66|158|25
66|159|77
66|161|22
66|162|26
66|163|21
66|164|22
66|167|2
66|168|26
66|169|52
66|170|69
66|173|49
66|174|40
67|68|38
67|70|45
67|71|84
67|72|61
67|73|4
67|76|64
67|78|90
67|81|37
67|83|60
67|85|96
67|86|62
67|87|10
67|88|97
67|90|18
67|94|39
67|95|3
67|96|50
67|97|58
67|98|20
67|101|66
67|104|33
67|106|48
67|108|38
67|110|62
67|111|79
67|112|34
67|113|100
67|116|48
67|119|99
67|120|6
67|123|44
67|125|94
67|130|26
67|131|17
67|132|4
67|134|40
67|137|17
67|140|1
67|141|75
67|143|45
67|145|63
67|146|88
67|147|8
67|150|42
67|154|17
67|156|64
67|157|7
67|159|18
67|162|93
67|164|56
67|166|37
67|168|86
67|173|45
68|69|31
68|72|16
68|78|29
68|79|54
68|80|11
68|84|48
68|86|76
68|87|52
68|90|44
68|91|92
68|92|76
68|94|95
68|95|82
68|97|44
68|99|67
68|101|78
68|103|2
68|105|75
68|107|82
68|111|42
68|114|50
68|116|92
68|118|89
68|119|51
68|120|34
68|121|3
68|126|7
68|128|87
68|132|73
68|134|24
68|135|49
68|137|38
68|140|4
68|142|99
68|143|15
68|144|6
68|145|48
68|147|33
68|148|93
68|152|21
68|155|75
68|157|71
68|161|51
68|162|3
68|168|79
68|169|89
68|170|78
68|172|60
68|173|20
69|70|59
69|72|50
69|73|2
69|76|6
69|77|28
69|78|65
69|81|50
69|84|58
69|90|76
69|93|27
69|95|21
69|98|49
69|99|65
69|100|55
69|105|34
69|106|11
69|107|40
69|109|18
69|112|85
69|113|11
69|114|10
69|115|63
69|120|26
69|123|63
69|124|42
69|125|7
69|129|100
69|130|11
69|131|17
69|132|96
69|135|34
69|138|24
69|139|28
69|140|7
69|141|23
69|142|14
69|144|17
69|145|92
69|146|38
69|147|27
69|148|94
69|149|59
69|150|12
69|151|11
69|152|62
69|156|43
69|158|65
69|162|33
69|164|53
69|165|71
69|166|14
69|169|73
69|173|29
70|74|96
70|78|56
70|79|81
70|80|50
70|81|10
70|87|73
70|91|34
70|92|16
70|93|80
70|94|17
70|97|19
70|99|100
70|100|68
70|101|93
70|103|36
70|105|40
70|107|22
70|108|51
70|109|79
70|110|2
70|111|31
70|118|90
70|119|80
70|122|52
70|123|50
70|124|17
70|125|16
70|126|33
70|129|60
70|130|48
70|131|43
70|133|63
70|134|35
70|138|30
70|139|52
70|141|95
70|142|56
70|143|99
70|146|6
70|148|56
70|150|50
70|154|53
70|157|43
70|158|59
70|159|40
70|161|69
70|162|39
70|163|72
70|165|60
70|167|51
70|168|35
70|169|87
70|170|40
70|173|67
71|73|2
71|77|52
71|78|56
71|79|31
71|80|30
71|83|51
71|85|73
71|87|75
71|89|54
71|90|65
71|92|29
71|93|59
71|99|21
71|101|7
71|103|7
71|104|43
71|105|56
71|108|66
71|112|49
71|114|13
71|118|30
71|121|36
71|122|41
71|123|78
71|125|10
71|126|44
71|127|98
71|130|83
71|133|17
71|135|77
71|137|11
71|139|45
71|140|47
71|141|65
71|142|13
71|147|96
71|148|30
71|152|96
71|154|31
71|156|99
71|160|41
71|164|35
71|165|32
71|167|90
71|173|38
72|74|66
72|75|63
72|76|62
72|77|34
72|80|21
72|81|33
72|82|25
72|83|39
72|86|21
72|87|83
72|88|8
72|89|30
72|90|51
72|94|1
72|96|23
72|97|28
72|100|69
72|107|30
72|109|74
72|110|13
72|111|75
72|114|39
72|118|30
72|119|50
72|122|81
72|123|77
72|126|27
72|127|91
72|130|86
72|131|24
72|137|76
72|140|41
72|142|71
72|143|52
72|144|15
72|147|62
72|149|46
72|162|10
72|165|64
72|167|93
72|168|1
72|171|29
72|172|48
73|76|81
73|77|4
73|78|80
73|80|99
73|88|88
73|89|52
73|90|68
73|91|31
73|95|19
73|104|22
73|107|4
73|108|48
73|112|15
73|113|78
73|114|96
73|116|78
73|118|48
73|124|31
73|126|38
73|127|30
73|131|71
73|135|57
73|137|24
73|141|90
73|142|56
73|144|25
73|149|48
73|150|50
73|151|46
73|158|27
73|159|54
73|166|69
73|167|75
73|169|17
73|170|95
73|171|69
73|173|36
74|79|8
74|84|81
74|89|87
74|90|25
74|94|45
74|95|80
74|97|15
74|98|43
74|100|1
74|101|55
74|104|75
74|107|47
74|109|42
74|112|34
74|113|98
74|114|11
74|116|49
74|117|55
74|119|71
74|121|75
74|122|66
74|123|29
74|126|27
74|127|89
74|128|41
74|129|21
74|131|50
74|133|92
74|135|49
74|137|28
74|138|32
74|141|84
74|142|93
74|143|10
74|144|35
74|145|47
74|146|97
74|150|84
74|152|51
74|153|19
74|155|56
74|157|73
74|159|98
74|162|52
74|163|61
74|167|51
74|168|20
74|169|42
74|171|100
74|173|4
74|174|19
75|76|45
75|77|87
75|79|1
75|80|95
75|82|20
75|84|75
75|86|64
75|88|3
75|91|28
75|92|66
75|94|3
75|95|53
75|98|46
75|100|11
75|103|30
75|104|3
75|105|97
75|107|1
75|109|15
75|111|100
75|113|82
75|114|12
75|115|23
75|117|3
75|118|62
75|120|6
75|123|18
75|126|14
75|127|39
75|128|72
75|129|40
75|130|63
75|133|60
75|136|81
75|139|74
75|140|75
75|141|95
75|142|39
75|145|68
75|146|74
75|148|82
75|152|3
75|154|100
75|157|53
75|158|51
75|159|82
75|160|87
75|161|37
75|163|61
75|166|89
75|167|96
75|168|38
75|169|8
75|171|78
76|77|33
76|80|13
76|81|35
76|82|53
76|83|48
76|84|89
76|85|92
76|88|51
76|89|83
76|90|59
76|92|80
76|94|34
76|95|63
76|97|77
76|99|60
76|101|39
76|103|100
76|105|10
76|106|74
76|107|52
76|109|62
76|115|75
76|116|86
76|117|12
76|118|83
76|120|47
76|121|53
76|123|32
76|125|55
76|127|73
76|128|79
76|130|38
76|131|25
76|133|14
76|136|36
76|137|32
76|138|39
76|139|67
76|140|91
76|141|3
76|142|79
76|145|90
76|146|58
76|148|47
76|150|91
76|151|67
76|156|29
76|158|82
76|159|7
76|160|53
76|161|84
76|165|89
76|166|68
76|167|41
76|170|66
76|171|47
76|173|58
76|174|60
77|78|74
77|84|67
77|85|26
77|86|76
77|87|40
77|89|19
77|91|35
77|94|5
77|97|47
77|98|20
77|99|100
77|100|37
77|103|25
77|104|18
77|110|88
77|111|51
77|112|69
77|115|79
77|117|61
77|119|77
77|120|87
77|121|98
77|122|47
77|126|10
77|127|73
77|128|33
77|129|9
77|130|37
77|131|68
77|133|43
77|134|65
77|137|67
77|138|2
77|140|93
77|144|16
77|148|41
77|149|32
77|150|22
77|151|46
77|152|92
77|154|56
77|155|42
77|156|53
77|158|63
77|160|77
77|161|78
77|163|27
77|164|27
77|167|56
77|171|63
78|81|44
78|82|9
78|84|14
78|87|50
78|89|90
78|90|34
78|93|52
78|95|88
78|96|98
78|100|88
78|104|12
78|106|56
78|112|90
78|113|28
78|116|31
78|118|75
78|121|19
78|122|77
78|123|11
78|124|84
78|127|72
78|128|87
78|131|16
78|134|55
78|138|63
78|139|73
78|142|26
78|143|29
78|146|23
78|147|73
78|148|32
78|149|97
78|150|96
78|152|6
78|153|42
78|154|9
78|155|38
78|159|34
78|160|3
78|161|93
78|164|34
78|167|99
78|170|35
78|173|45
79|81|67
79|82|29
79|87|56
79|91|4
79|92|12
79|95|25
79|98|23
79|99|73
79|101|34
79|103|16
79|105|90
79|106|33
79|107|63
79|109|71
79|111|24
79|112|3
79|114|35
79|115|14
79|116|68
79|118|78
79|120|15
79|121|19
79|124|90
79|125|34
79|126|65
79|127|84
79|128|61
79|129|57
79|130|60
79|134|7
79|137|45
79|138|53
79|142|34
79|143|99
79|144|89
79|147|42
79|148|69
79|150|6
79|153|92
79|157|1
79|158|58
79|159|43
79|160|46
79|161|84
79|162|26
79|163|51
79|166|30
79|167|71
79|173|72
79|174|34
80|81|85
80|83|80
80|86|4
80|89|84
80|94|39
80|95|16
80|96|19
80|97|48
80|98|66
80|100|18
80|102|54
80|103|32
80|107|81
80|109|53
80|113|22
80|126|56
80|129|21
80|135|46
80|138|63
80|139|43
80|144|90
80|145|63
80|147|32
80|154|79
80|159|11
80|161|85
80|162|53
80|165|48
80|166|99
80|167|21
80|168|45
80|172|34
80|174|5
81|84|83
81|85|44
81|87|57
81|88|35
81|96|52
81|99|54
81|100|92
81|101|32
81|103|66
81|107|89
81|108|78
81|110|33
81|111|39
81|112|89
81|113|80
81|114|25
81|116|47
81|118|14
81|119|92
81|121|49
81|122|25
81|127|30
81|131|8
81|132|3
81|133|47
81|135|54
81|137|56
81|138|74
81|142|80
81|145|74
81|146|78
81|149|97
81|155|42
81|158|91
81|163|9
81|164|67
81|169|58
81|173|5
82|83|49
82|84|50
82|85|87
82|86|40
82|87|48
82|89|55
82|91|53
82|94|49
82|96|96
82|98|70
82|102|63
82|104|7
82|105|71
82|106|1
82|107|26
82|108|75
82|110|61
82|111|71
82|113|33
82|114|34
82|115|70
82|117|75
82|118|36
82|119|80
82|120|55
82|123|6
82|124|11
82|129|2
82|130|96
82|133|91
82|134|18
82|140|91
82|143|81
82|145|67
82|146|89
82|148|64
82|149|76
82|150|50
82|151|50
82|152|14
82|154|14
82|156|91
82|160|66
82|161|99
82|162|15
82|165|62
82|166|71
82|167|44
82|168|26
82|169|72
82|170|70
82|172|76
82|174|16
83|84|7
83|85|75
83|86|88
83|89|34
83|90|44
83|94|82
83|95|51
83|97|55
83|103|55
83|106|79
83|107|55
83|109|78
83|113|11
83|115|75
83|116|32
83|117|70
83|120|77
83|122|69
83|123|99
83|125|51
83|127|63
83|128|81
83|129|98
83|130|26
83|131|70
83|132|16
83|136|72
83|139|54
83|142|90
83|143|1
83|147|58
83|148|93
83|151|68
83|153|18
83|154|65
83|157|5
83|159|83
83|162|53
83|164|25
83|165|90
83|166|93
83|170|24
83|171|24
83|174|67
84|86|87
84|87|32
84|88|3
84|89|90
84|92|26
84|93|27
84|95|61
84|97|93
84|98|67
84|99|18
84|102|92
84|106|47
84|107|33
84|110|73
84|112|11
84|113|18
84|114|68
84|115|41
84|116|41
84|117|35
84|119|20
84|120|93
84|122|83
84|127|20
84|129|33
84|131|38
84|133|33
84|136|2
84|139|86
84|145|46
84|146|75
84|147|58
84|148|78
84|149|43
84|151|54
84|153|67
84|154|32
84|155|31
84|156|57
84|159|38
84|160|74
84|161|49
84|163|80
84|164|41
84|166|3
84|167|85
84|170|2
85|87|6
85|88|78
85|90|17
85|91|45
85|92|74
85|95|17
85|96|2
85|101|13
85|103|47
85|105|66
85|106|24
85|109|6
85|111|29
85|112|45
85|117|91
85|118|53
85|121|27
85|124|85
85|126|97
85|127|52
85|129|26
85|130|61
85|133|40
85|135|14
85|137|1
85|144|33
85|146|65
85|148|4
85|151|3
85|152|26
85|154|79
85|155|90
85|156|12
85|159|8
85|160|16
85|166|16
85|167|12
85|170|26
85|171|93
85|172|71
85|173|37
86|89|45
86|91|5
86|92|27
86|93|87
86|94|9
86|96|76
86|98|56
86|101|40
86|103|38
86|106|53
86|107|91
86|108|29
86|110|44
86|111|7
86|114|72
86|116|15
86|121|39
86|122|12
86|123|99
86|130|19
86|133|85
86|134|14
86|135|78
86|137|25
86|140|46
86|141|55
86|143|83
86|149|54
86|154|76
86|155|59
86|156|100
86|159|64
86|163|48
86|164|10
86|165|16
86|169|17
86|174|70
87|88|13
87|89|8
87|90|3
87|91|51
87|92|74
87|95|43
87|99|13
87|102|62
87|103|57
87|104|91
87|106|32
87|110|18
87|114|1
87|115|95
87|116|35
87|122|50
87|127|36
87|128|30
87|132|5
87|136|87
87|137|54
87|138|43
87|139|80
87|142|27
87|143|58
87|144|75
87|145|80
87|148|6
87|151|9
87|159|58
87|161|6
87|165|62
87|166|60
87|167|6
87|172|76
87|173|53
88|89|61
88|93|79
88|97|76
88|98|34
88|100|81
88|102|3
88|104|38
88|107|61
88|108|86
88|110|38
88|113|51
88|115|66
88|116|76
88|118|6
88|122|23
88|123|20
88|125|23
88|127|81
88|129|25
88|133|78
88|134|58
88|135|73
88|136|63
88|137|92
88|139|90
88|141|8
88|142|23
88|143|2
88|144|100
88|147|75
88|149|13
88|152|2
88|153|33
88|154|27
88|158|66
88|159|64
88|163|69
88|166|34
88|167|84
88|172|17
88|173|87
88|174|14
89|90|16
89|92|9
89|93|19
89|94|7
89|96|56
89|97|95
89|100|89
89|103|53
89|106|83
89|109|47
89|111|29
89|118|99
89|120|20
89|121|17
89|124|89
89|125|45
89|129|60
89|130|100
89|135|61
89|136|22
89|137|35
89|139|65
89|141|36
89|144|83
89|149|23
89|150|81
89|152|28
89|154|63
89|156|68
89|158|99
89|160|24
89|161|74
89|162|75
89|163|61
89|165|15
89|166|91
89|167|60
89|169|7
89|170|32
89|172|57
89|173|36
89|174|40
90|93|59
90|94|22
90|98|7
90|99|46
90|103|68
90|104|35
90|105|64
90|107|43
90|108|74
90|111|11
90|113|31
90|114|34
90|115|65
90|120|77
90|122|79
90|124|54
90|126|70
90|127|4
90|128|37
90|130|83
90|132|78
90|134|56
90|137|67
90|140|63
90|141|11
90|143|11
90|144|81
90|145|49
90|146|25
90|148|10
90|150|12
90|152|99
90|154|54
90|155|88
90|156|59
90|157|76
90|158|17
90|159|3
90|163|48
90|164|60
90|165|3
90|166|73
90|167|41
90|168|71
90|171|3
91|92|75
91|93|21
91|96|97
91|97|48
91|98|69
91|99|30
91|100|15
91|101|2
91|102|67
91|104|86
91|105|95
91|106|21
91|108|54
91|109|26
91|118|66
91|119|44
91|123|90
91|124|56
91|125|62
91|130|96
91|131|24
91|132|69
91|133|30
91|135|3
91|137|94
91|139|63
91|141|21
91|144|39
91|145|1
91|148|87
91|149|72
91|150|42
91|151|78
91|152|6
91|153|78
91|155|41
91|156|34
91|157|90
91|158|98
91|159|63
91|160|56
91|162|46
91|163|1
91|164|74
91|165|78
91|166|38
91|172|87
91|173|71
91|174|91
92|93|21
92|94|94
92|95|37
92|97|34
92|100|75
92|103|78
92|104|29
92|107|7
92|112|39
92|113|18
92|114|61
92|117|74
92|120|23
92|121|65
92|124|40
92|128|61
92|129|75
92|130|16
92|131|4
92|133|63
92|134|22
92|136|45
92|137|96
92|138|52
92|141|12
92|144|41
92|145|50
92|146|27
92|147|16
92|154|100
92|156|6
92|157|38
92|160|21
92|162|15
92|163|55
92|165|58
92|166|22
92|169|48
92|170|29
92|173|12
93|95|65
93|96|58
93|100|42
93|101|19
93|103|37
93|104|42
93|105|1
93|108|1
93|109|57
93|111|75
93|112|80
93|113|53
93|115|20
93|116|56
93|118|30
93|119|86
93|120|53
93|121|16
93|124|25
93|125|95
93|126|72
93|128|49
93|131|17
93|132|8
93|134|25
93|135|88
93|136|68
93|138|36
93|143|12
93|146|23
93|147|65
93|150|60
93|152|32
93|154|48
93|158|60
93|159|39
93|160|87
93|164|85
93|165|14
93|166|44
93|168|43
93|169|66
93|170|2
93|172|5
94|95|12
94|96|59
94|97|56
94|100|58
94|102|72
94|104|8
94|106|16
94|107|69
94|111|78
94|112|39
94|113|82
94|116|47
94|117|74
94|118|59
94|123|65
94|125|41
94|128|16
94|129|46
94|130|20
94|131|33
94|132|92
94|136|33
94|137|10
94|138|4
94|139|18
94|140|69
94|144|35
94|146|98
94|148|72
94|150|8
94|151|46
94|152|21
94|153|73
94|155|75
94|157|18
94|158|91
94|159|83
94|160|58
94|163|42
94|165|57
94|169|49
94|171|23
94|172|59
94|173|29
95|96|36
95|98|23
95|99|55
95|101|24
95|109|73
95|111|75
95|115|22
95|116|74
95|117|85
95|119|100
95|121|96
95|122|84
95|123|90
95|124|23
95|126|65
95|129|43
95|130|63
95|134|45
95|136|41
95|137|96
95|140|65
95|142|77
95|145|34
95|148|57
95|151|4
95|152|55
95|154|3
95|155|1
95|156|30
95|161|41
95|164|78
95|167|15
95|168|25
95|169|59
95|171|13
95|172|100
95|174|85
96|98|52
96|100|46
96|105|90
96|107|14
96|109|26
96|110|79
96|111|38
96|114|85
96|115|77
96|118|70
96|119|97
96|121|27
96|122|28
96|124|97
96|125|21
96|127|74
96|128|88
96|131|63
96|132|92
96|136|49
96|141|16
96|147|33
96|148|2
96|152|54
96|154|63
96|158|22
96|159|65
96|160|80
96|162|31
96|163|84
96|165|83
96|167|7
96|168|83
96|169|28
96|171|99
96|174|46
97|99|62
97|100|24
97|101|45
97|104|43
97|105|87
97|107|34
97|108|36
97|110|26
97|112|96
97|113|100
97|118|12
97|122|94
97|124|11
97|125|37
97|126|20
97|127|11
97|129|61
97|130|9
97|135|51
97|137|69
97|138|67
97|142|69
97|144|32
97|146|8
97|148|45
97|149|54
97|152|57
97|153|99
97|154|68
97|158|14
97|159|1
97|160|93
97|161|53
97|162|19
97|164|58
97|166|58
97|173|93
97|174|81
98|99|28
98|100|64
98|101|6
98|104|82
98|106|1
98|110|61
98|111|90
98|117|85
98|118|2
98|119|91
98|121|20
98|123|57
98|124|80
98|125|68
98|128|49
98|131|16
98|133|43
98|135|26
98|136|40
98|137|15
98|139|55
98|140|90
98|141|28
98|142|73
98|143|52
98|144|36
98|148|74
98|151|37
98|153|89
98|156|97
98|157|28
98|159|83
98|161|37
98|162|98
98|164|83
98|165|94
98|166|40
98|169|51
98|171|24
98|172|35
98|174|93
99|103|74
99|105|47
99|109|9
99|113|18
99|114|66
99|116|4
99|118|14
99|119|36
99|121|88
99|122|69
99|123|33
99|126|89
99|127|74
99|128|11
99|129|24
99|130|9
99|131|9
99|135|63
99|138|3
99|140|98
99|141|12
99|144|48
99|147|20
99|148|46
99|151|53
99|152|46
99|156|94
99|160|22
99|161|47
99|162|51
99|163|47
99|168|27
99|170|80
99|171|70
99|173|30
100|101|50
100|103|10
100|105|29
100|106|37
100|108|12
100|109|20
100|113|80
100|114|91
100|117|33
100|120|55
100|121|26
100|126|1
100|127|47
100|129|71
100|131|26
100|133|48
100|136|65
100|138|81
100|139|95
100|140|18
100|143|4
100|144|49
100|147|20
100|148|15
100|149|82
100|155|74
100|157|47
100|158|36
100|161|3
100|162|15
100|165|58
100|167|6
100|168|5
100|169|11
100|170|4
100|172|90
100|173|99
100|174|8
101|102|99
101|104|15
101|107|29
101|108|79
101|110|29
101|116|75
101|118|82
101|119|1
101|120|97
101|125|62
101|126|79
101|127|55
101|131|48
101|132|3
101|133|32
101|137|10
101|140|97
101|141|46
101|143|54
101|148|27
101|149|70
101|153|35
101|154|71
101|158|56
101|159|11
101|160|30
101|161|70
101|163|28
101|164|11
101|166|61
101|167|67
101|168|19
101|169|2
101|171|25
101|172|13
101|173|36
101|174|48
102|103|13
102|107|82
102|108|31
102|112|20
102|116|52
102|117|92
102|120|29
102|123|16
102|124|80
102|125|70
102|126|96
102|127|42
102|128|52
102|129|56
102|131|71
102|133|26
102|134|47
102|135|67
102|137|62
102|140|55
102|141|85
102|142|7
102|144|77
102|145|18
102|149|28
102|150|31
102|152|69
102|153|57
102|154|53
102|158|98
102|159|31
102|160|2
102|161|45
102|164|27
102|166|91
102|168|31
102|170|77
102|173|30
103|104|13
103|106|42
103|108|29
103|114|18
103|117|86
103|118|13
103|120|21
103|121|56
103|123|46
103|125|22
103|132|53
103|135|34
103|136|31
103|138|60
103|145|70
103|147|54
103|148|47
103|149|35
103|150|73
103|151|46
103|153|92
103|154|85
103|155|66
103|159|33
103|160|22
103|162|87
103|165|98
103|166|70
103|171|5
103|172|25
103|173|62
104|105|58
104|106|9
104|109|45
104|110|61
104|114|53
104|115|65
104|120|19
104|125|47
104|126|84
104|128|99
104|130|2
104|131|21
104|132|36
104|137|53
104|138|77
104|141|44
104|142|98
104|145|30
104|147|87
104|148|94
104|149|79
104|150|98
104|152|91
104|160|48
104|166|8
104|168|67
104|173|35
104|174|56
105|106|19
105|109|96
105|110|55
105|112|4
105|114|14
105|115|8
105|119|64
105|120|57
105|122|93
105|129|4
105|131|23
105|133|73
105|134|17
105|135|13
105|138|35
105|139|50
105|142|11
105|146|1
105|150|61
105|152|11
105|155|64
105|156|44
105|158|31
105|162|93
105|163|68
105|164|59
105|165|99
105|166|30
105|167|35
105|170|63
105|174|42
106|107|94
106|108|78
106|109|33
106|112|63
106|114|63
106|115|44
106|116|73
106|117|26
106|119|39
106|125|67
106|130|59
106|133|29
106|136|1
106|138|17
106|139|22
106|140|41
106|141|50
106|143|35
106|145|27
106|146|31
106|148|20
106|150|9
106|152|12
106|153|12
106|157|17
106|159|72
106|160|74
106|161|78
106|162|53
106|167|4
106|168|15
106|169|36
106|170|52
106|171|17
107|109|57
107|110|8
107|113|93
107|114|35
107|115|19
107|117|84
107|118|42
107|119|6
107|120|63
107|121|82
107|130|76
107|131|58
107|132|3
107|133|83
107|134|70
107|136|56
107|137|67
107|140|78
107|141|74
107|144|30
107|145|12
107|146|73
107|147|32
107|149|59
107|155|99
107|159|87
107|161|44
107|163|17
107|169|62
107|170|30
107|171|54
107|172|90
107|173|70
108|110|17
108|113|4
108|114|18
108|116|60
108|117|10
108|121|38
108|123|67
108|124|99
108|125|35
108|126|39
108|131|60
108|132|79
108|134|84
108|139|55
108|140|72
108|142|94
108|146|15
108|148|92
108|149|4
108|151|89
108|152|25
108|155|20
108|156|91
108|158|11
108|160|19
108|161|69
108|163|14
108|164|80
108|165|80
108|168|55
108|170|49
108|171|67
108|173|43
109|110|74
109|112|20
109|113|81
109|115|83
109|116|66
109|118|79
109|120|63
109|125|67
109|126|8
109|127|11
109|128|55
109|129|27
109|131|64
109|132|51
109|133|97
109|136|61
109|141|52
109|142|45
109|144|47
109|146|53
109|147|65
109|148|94
109|151|66
109|153|8
109|155|18
109|160|40
109|161|71
109|163|55
109|165|70
109|167|92
109|170|54
109|172|13
109|174|97
110|111|20
110|112|59
110|113|95
110|114|73
110|116|39
110|117|12
110|119|53
110|120|66
110|122|8
110|123|96
110|124|51
110|127|64
110|129|84
110|130|98
110|135|90
110|136|3
110|139|33
110|141|21
110|143|5
110|145|24
110|146|14
110|147|37
110|149|64
110|151|70
110|152|5
110|153|18
110|156|36
110|158|69
110|159|48
110|160|97
110|164|83
110|165|34
110|166|3
110|168|42
110|172|36
110|173|50
110|174|95
111|112|88
111|115|3
111|118|55
111|119|34
111|126|51
111|127|68
111|128|10
111|130|48
111|132|59
111|133|95
111|136|36
111|137|46
111|142|88
111|145|17
111|146|75
111|149|11
111|150|60
111|152|14
111|153|87
111|154|44
111|157|28
111|158|99
111|159|25
111|160|12
111|161|97
111|166|34
111|167|49
111|168|100
111|169|32
111|170|83
111|171|69
111|172|68
111|174|1
112|114|60
112|115|62
112|120|34
112|121|22
112|122|30
112|124|11
112|125|1
112|126|80
112|130|47
112|132|80
112|135|95
112|136|70
112|138|42
112|139|39
112|140|9
112|143|81
112|146|47
112|147|1
112|148|100
112|149|4
112|150|30
112|152|90
112|154|61
112|155|55
112|156|78
112|157|57
112|161|96
112|165|96
112|168|4
112|169|26
112|172|57
112|173|96
113|114|17
113|115|15
113|116|8
113|120|61
113|122|73
113|123|13
113|125|82
113|127|89
113|129|77
113|130|79
113|131|100
113|133|16
113|135|21
113|140|20
113|143|89
113|144|96
113|145|85
113|146|52
113|154|55
113|157|46
113|159|69
113|160|40
113|161|12
113|162|81
113|164|36
113|165|6
113|166|67
113|170|84
113|174|80
114|115|84
114|117|57
114|120|8
114|121|70
114|126|40
114|128|40
114|129|36
114|133|15
114|134|46
114|135|91
114|136|11
114|139|85
114|140|66
114|142|57
114|143|11
114|145|46
114|152|27
114|156|67
114|158|20
114|159|12
114|165|62
114|167|3
114|168|11
114|169|53
114|171|2
114|173|78
115|116|51
115|119|59
115|120|1
115|121|25
115|122|97
115|126|12
115|127|40
115|128|71
115|129|1
115|130|73
115|131|58
115|134|4
115|135|22
115|137|40
115|138|74
115|143|94
115|144|21
115|146|37
115|147|78
115|151|8
115|152|40
115|153|32
115|157|77
115|158|68
115|160|2
115|161|61
115|164|17
115|168|37
115|169|67
115|170|35
115|171|39
115|173|44
115|174|81
116|119|40
116|126|54
116|129|77
116|131|51
116|132|28
116|137|77
116|142|84
116|143|32
116|147|78
116|150|34
116|153|56
116|155|81
116|157|48
116|158|64
116|160|13
116|162|93
116|163|39
116|164|54
116|167|65
116|168|63
116|169|65
116|170|12
116|171|36
116|173|37
117|118|100
117|119|34
117|121|62
117|122|13
117|125|23
117|127|79
117|130|34
117|132|94
117|133|32
117|135|25
117|144|16
117|145|39
117|147|67
117|148|16
117|150|1
117|153|54
117|155|76
117|158|84
117|161|23
117|162|28
117|164|17
117|167|4
117|169|38
117|172|91
117|173|70
117|174|80
118|121|51
118|124|55
118|126|4
118|131|80
118|132|42
118|138|10
118|139|4
118|145|10
118|149|37
118|151|17
118|154|100
118|156|17
118|157|79
118|158|95
118|159|99
118|160|85
118|162|29
118|164|5
118|166|81
118|169|89
118|171|10
118|172|26
118|174|67
119|120|81
119|121|99
119|122|7
119|123|46
119|124|18
119|125|59
119|127|22
119|128|24
119|129|11
119|132|97
119|135|57
119|137|58
119|139|75
119|142|25
119|145|15
119|148|30
119|149|18
119|153|71
119|159|52
119|160|18
119|162|12
119|163|13
119|165|48
119|166|28
119|169|33
120|122|74
120|123|25
120|125|19
120|126|82
120|128|99
120|129|36
120|131|8
120|136|44
120|139|18
120|140|74
120|141|50
120|148|21
120|151|21
120|152|37
120|153|37
120|154|30
120|156|94
120|159|35
120|160|93
120|161|51
120|164|67
120|165|36
120|166|82
120|170|10
120|172|55
120|174|80
121|124|69
121|126|11
121|127|63
121|131|78
121|132|95
121|133|9
121|134|98
121|135|29
121|136|78
121|137|77
121|140|14
121|141|65
121|142|17
121|144|2
121|145|93
121|146|25
121|147|87
121|149|44
121|152|6
121|154|75
121|156|76
121|157|4
121|163|4
121|165|5
121|166|76
121|167|24
121|170|96
121|173|76
121|174|75
122|123|48
122|127|12
122|128|22
122|130|22
122|134|8
122|135|7
122|136|50
122|138|41
122|139|55
122|141|9
122|142|68
122|144|34
122|146|1
122|147|66
122|148|42
122|150|8
122|151|56
122|154|85
122|155|25
122|156|26
122|157|19
122|160|18
122|162|24
122|166|47
122|167|69
122|168|62
122|170|97
122|171|17
122|173|54
123|125|6
123|127|32
123|128|93
123|132|31
123|134|94
123|135|26
123|137|92
123|138|79
123|140|81
123|141|70
123|144|54
123|145|51
123|146|85
123|147|70
123|149|48
123|151|75
123|156|34
123|158|67
123|159|4
123|161|68
123|162|73
123|164|76
123|166|91
123|169|86
123|170|57
123|171|82
123|174|77
124|125|77
124|126|98
124|129|94
124|132|30
124|133|36
124|134|40
124|135|20
124|140|56
124|141|62
124|142|61
124|143|55
124|144|97
124|145|1
124|149|44
124|150|64
124|151|56
124|155|76
124|157|85
124|158|83
124|160|20
124|161|72
124|162|49
124|163|64
124|164|25
124|166|36
124|170|85
124|172|58
124|174|92
125|126|62
125|127|1
125|128|23
125|129|76
125|130|72
125|132|94
125|134|61
125|138|8
125|144|55
125|147|22
125|148|36
125|150|61
125|153|72
125|154|21
125|155|35
125|156|21
125|157|1
125|164|69
125|168|42
125|172|18
125|173|89
126|129|67
126|132|97
126|133|59
126|134|39
126|135|33
126|136|34
126|139|74
126|140|88
126|142|70
126|147|73
126|148|6
126|149|62
126|150|8
126|152|88
126|153|30
126|155|75
126|156|22
126|157|92
126|158|93
126|159|3
126|161|3
126|163|58
126|164|99
126|165|70
126|166|32
126|170|19
126|172|73
126|173|1
127|130|29
127|131|90
127|135|5
127|136|55
127|138|91
127|139|23
127|143|58
127|145|74
127|146|21
127|147|83
127|148|43
127|149|27
127|157|3
127|158|35
127|159|49
127|161|68
127|163|11
127|170|87
127|171|67
127|172|93
127|174|82
128|136|53
128|138|36
128|139|9
128|140|13
128|142|86
128|146|35
128|149|88
128|151|26
128|152|54
128|153|78
128|154|51
128|155|87
128|156|17
128|159|72
128|160|78
128|163|76
128|165|36
128|174|84
129|130|21
129|132|28
129|134|65
129|135|57
129|136|57
129|146|26
129|147|83
129|149|88
129|151|88
129|152|24
129|153|92
129|156|98
129|157|96
129|158|23
129|159|98
129|161|16
129|162|78
129|163|30
129|168|88
129|171|68
129|172|31
130|132|64
130|133|98
130|134|52
130|137|13
130|141|98
130|144|28
130|145|86
130|147|8
130|149|39
130|152|96
130|156|42
130|161|89
130|166|44
130|172|59
131|132|67
131|136|45
131|138|36
131|141|5
131|142|54
131|143|15
131|146|69
131|150|85
131|151|13
131|154|8
131|159|16
131|160|80
131|165|97
131|168|67
131|169|54
131|171|25
131|172|27
132|133|20
132|136|50
132|138|22
132|142|92
132|143|77
132|144|13
132|148|36
132|149|80
132|152|29
132|154|87
132|155|27
132|156|70
132|158|78
132|162|64
132|163|66
132|167|52
132|169|88
132|170|63
132|171|87
133|135|66
133|140|12
133|142|51
133|144|25
133|145|34
133|148|49
133|149|42
133|150|81
133|154|54
133|156|38
133|157|8
133|158|61
133|160|34
133|161|43
133|163|19
133|164|75
133|165|94
133|166|43
133|168|74
133|169|59
133|170|28
133|171|21
133|172|43
133|173|55
133|174|70
134|135|63
134|136|61
134|137|88
134|138|76
134|139|98
134|141|32
134|143|57
134|147|6
134|149|20
134|150|13
134|151|23
134|156|100
134|159|28
134|162|72
134|163|39
134|168|79
134|170|58
134|173|61
134|174|17
135|138|31
135|139|81
135|140|26
135|142|87
135|144|31
135|145|48
135|148|15
135|149|83
135|153|91
135|154|3
135|155|2
135|156|47
135|159|95
135|160|14
135|161|54
135|166|53
135|167|57
135|169|1
135|170|84
135|171|3
135|172|24
135|173|17
136|139|94
136|140|16
136|142|82
136|146|56
136|151|62
136|152|64
136|153|10
136|155|15
136|156|9
136|157|8
136|158|49
136|159|99
136|161|59
136|162|50
136|164|87
136|167|11
136|168|41
136|169|80
136|171|82
136|172|5
136|173|56
136|174|33
137|140|44
137|141|13
137|142|61
137|143|59
137|144|38
137|146|46
137|149|11
137|152|45
137|153|87
137|155|3
137|157|44
137|158|76
137|159|49
137|160|45
137|161|18
137|163|32
137|164|19
137|169|70
137|171|88
137|172|9
137|174|56
138|139|39
138|140|36
138|141|34
138|142|64
138|143|98
138|145|36
138|146|43
138|147|36
138|149|17
138|151|41
138|153|87
138|156|86
138|157|30
138|159|66
138|160|21
138|162|25
138|164|97
138|165|5
138|167|71
138|168|68
138|174|13
139|140|57
139|144|29
139|145|61
139|147|52
139|150|49
139|151|9
139|152|93
139|153|29
139|154|74
139|156|79
139|160|99
139|161|65
139|162|20
139|163|1
139|164|49
139|165|71
139|166|47
139|173|48
139|174|77
140|142|48
140|145|77
140|146|10
140|150|71
140|153|87
140|157|93
140|160|54
140|162|68
140|166|99
140|167|37
140|168|27
140|169|76
140|171|53
140|172|62
140|173|45
141|142|27
141|148|75
141|150|87
141|152|46
141|155|36
141|156|89
141|157|23
141|158|86
141|160|70
141|162|98
141|164|10
141|165|69
141|167|17
141|168|60
141|170|72
141|172|62
141|174|3
142|143|39
142|144|44
142|145|10
142|146|55
142|147|28
142|148|22
142|149|88
142|152|80
142|154|11
142|155|48
142|156|18
142|160|47
142|162|72
142|164|78
142|166|24
142|167|5
142|168|20
142|170|76
142|171|23
142|173|72
143|145|48
143|149|36
143|151|74
143|152|34
143|155|4
143|159|75
143|163|44
143|164|40
143|168|28
143|173|88
143|174|22
144|147|50
144|149|11
144|150|38
144|153|88
144|154|48
144|158|78
144|159|84
144|160|43
144|161|76
144|162|27
144|163|2
144|164|52
144|165|55
144|166|84
144|167|56
144|169|6
144|170|94
144|171|19
144|172|15
144|173|72
145|147|80
145|149|1
145|152|56
145|153|68
145|154|72
145|156|20
145|158|36
145|160|91
145|161|81
145|163|46
145|165|81
145|166|2
145|167|38
145|170|59
145|172|2
145|173|34
146|147|98
146|148|32
146|149|87
146|150|45
146|151|68
146|152|57
146|154|87
146|156|82
146|157|43
146|158|65
146|163|59
146|165|53
146|168|82
146|169|62
146|171|78
146|174|24
147|149|19
147|150|46
147|151|81
147|155|12
147|156|20
147|158|52
147|159|29
147|160|55
147|162|87
147|163|7
147|164|21
147|166|34
147|168|66
147|171|35
147|172|4
147|173|50
147|174|24
148|152|75
148|153|15
148|156|60
148|157|74
148|159|32
148|160|32
148|162|35
148|163|23
148|166|45
148|168|49
148|169|68
148|172|4
148|173|15
148|174|79
149|150|34
149|152|25
149|153|68
149|158|5
149|159|67
149|164|50
149|166|49
149|168|9
149|169|45
149|170|52
149|172|65
149|174|3
150|151|4
150|153|17
150|155|2
150|156|9
150|157|74
150|158|77
150|159|67
150|160|73
150|161|66
150|162|74
150|163|46
150|166|53
150|167|89
150|168|45
150|170|87
150|174|85
151|157|48
151|162|16
151|164|87
151|166|33
151|167|48
151|168|32
151|169|22
151|171|99
151|172|96
151|173|58
152|154|55
152|155|43
152|157|32
152|162|49
152|164|46
152|167|20
152|171|20
153|155|4
153|157|24
153|160|70
153|161|60
153|164|65
153|165|37
153|167|65
153|168|39
153|169|7
153|171|71
154|155|69
154|156|79
154|157|86
154|158|11
154|160|55
154|162|90
154|164|15
154|167|82
154|168|39
154|169|44
154|170|66
154|172|66
154|173|68
154|174|62
155|156|63
155|157|8
155|161|26
155|162|91
155|163|10
155|164|70
155|169|77
155|172|25
155|173|10
155|174|36
156|157|66
156|159|43
156|160|22
156|162|87
156|163|24
156|164|6
156|165|41
156|168|1
156|170|63
156|173|72
157|159|69
157|161|8
157|162|64
157|164|53
157|169|13
157|170|5
157|171|99
157|172|10
157|173|96
157|174|20
158|159|19
158|160|92
158|161|47
158|162|90
158|165|56
158|166|87
158|168|100
158|169|93
158|171|38
158|172|34
158|173|59
159|161|68
159|166|28
159|172|21
160|162|13
160|163|9
160|167|66
160|168|41
160|172|20
160|173|22
161|164|26
161|165|35
161|167|94
161|168|38
161|169|34
162|163|34
162|165|70
162|167|51
162|174|48
163|164|9
163|165|69
163|166|64
163|170|77
163|173|91
164|165|38
164|167|12
164|169|43
164|170|40
164|171|72
164|174|62
165|166|95
165|170|2
165|171|51
166|167|48
166|168|93
166|169|1
166|172|19
166|173|55
167|169|98
167|170|16
167|173|48
167|174|68
168|169|37
168|170|87
170|172|70
170|173|99
171|173|100
171|174|48
